[[1]]
[[1]]$baseline
[1] 0.9693371

[[1]]$peaks
[1] 0.9693371 1.7028722 3.3366548

[[1]]$thresholds
[1] 1.486146 2.569777

[[1]]$noise
[1] 17.74615

[[1]]$markers
    runid tag length  start    end Gen
22     22  L3   4962  21854  26815   1
30     30  L3   4936  38197  43132   1
42     42  L3   5016  54465  59480   1
50     50  L3   4953  70857  75809   1
56     56  L3   4955  87157  92111   1
62     62  L3   4925 103514 108438   1
68     68  L3   4943 119867 124809   1
79     79  L3   4940 136218 141157   1
87     87  L3   4926 152567 157492   1
97     97  L3   4975 168877 173851   1
105   105  L3   4930 185227 190156   1
111   111  L3   4935 201557 206491   1
117   117  L3   4941 217896 222836   1
127   127  L3   4939 234224 239162   1
137   137  L3   4954 250537 255490   1
143   143  L3   4935 266876 271810   1
149   149  L3   4948 283176 288123   1
157   157  L3   4941 299515 304455   1
163   163  L3   4940 315827 320766   1
173   173  L3   4916 332196 337111   1
181   181  L3   4941 348515 353455   1
189   189  L3   4984 364834 369817   1
203   203  L3   4934 381205 386138   1
211   211  L3   4940 397476 402415   1
219   219  L3   4950 413818 418767   1
245   245  L3   4939 430144 435082   1
251   251  L3   4944 446476 451419   1
257   257  L3   4917 462836 467752   1
265   265  L3   4950 479163 484112   1
271   271  L3   4947 495507 500453   1
284   284  L3   4934 511871 516804   1

[[1]]$work
    start    end length        P
1   31854  33197   1344 2.254362
2   48197  49465   1269 2.364039
3   64465  65857   1393 2.227138
4   80857  82157   1301 2.253459
5   97157  98514   1358 2.224964
6  113514 114867   1354 2.268039
7  129867 131218   1352 2.346228
8  146218 147567   1350 2.249982
9  162567 163877   1311 2.267925
10 178877 180227   1351 2.291832
11 195227 196557   1331 2.251994
12 211557 212896   1340 2.274765
13 227896 229224   1329 2.319493
14 244224 245537   1314 2.304395
15 260537 261876   1340 2.273712
16 276876 278176   1301 2.324365
17 293176 294515   1340 2.452734
18 309515 310827   1313 2.474110
19 325827 327196   1370 2.255579
20 342196 343515   1320 2.334618
21 358515 359834   1320 2.343480
22 374834 376205   1372 2.255775
23 391205 392476   1272 2.316658
24 407476 408818   1343 2.264560
25 423818 425144   1327 2.341369
26 440144 441476   1333 2.270362
27 456476 457836   1361 2.267391
28 472836 474163   1328 2.355125
29 489163 490507   1345 2.466344
30 505507 506871   1365 2.293620


[[2]]
[[2]]$baseline
[1] 0.9096132

[[2]]$peaks
[1] 0.9096132 1.7217404 3.2918529

[[2]]$thresholds
[1] 1.577362 2.678246

[[2]]$noise
[1] 57.4002

[[2]]$markers
    runid tag length  start    end Gen
4       4  L3   5270  21320  26589   1
6       6  L3   4939  46350  51288   1
11     11  L3   4955  71368  76322   1
14     14  L3   4923  96408 101330   1
18     18  L3   5026 121399 126424   1
21     21  L3   4933 146410 151342   1
27     27  L3   4937 171419 176355   1
30     30  L3   4942 196430 201371   1
35     35  L3   4996 221439 226434   1
41     41  L3   4946 246450 251395   1
47     47  L3   4946 271459 276404   1
52     52  L3   4937 296483 301419   1
55     55  L3   4962 321500 326461   1
60     60  L3   4920 346530 351449   1
63     63  L3   4942 371517 376458   1
68     68  L3   4934 396539 401472   1
71     71  L3   4944 421548 426491   1
74     74  L3   4928 446580 451507   1
79     79  L3   4941 471579 476519   1
82     82  L3   4945 496587 501531   1
88     88  L3   4983 521609 526591   1
91     91  L3   4933 546650 551582   1
96     96  L3   4960 571649 576608   1
101   101  L3   4937 596666 601602   1
104   104  L3   4919 621699 626617   1
107   107  L3   4924 646709 651632   1
110   110  L3   4951 671707 676657   1
113   113  L3   4944 696717 701660   1
119   119  L3   4939 721739 726677   1
125   125  L3   4933 746760 751692   1
128   128  L3   4975 771768 776742   1

[[2]]$work
    start    end length          P
1   31320  41350  10031 0.06244054
2   56350  66368  10019 0.06027450
3   81368  91408  10041 0.08149112
4  106408 116399   9992 0.14287170
5  131399 141410  10012 0.05525002
6  156410 166419  10010 0.16417484
7  181419 191430  10012 0.09430798
8  206430 216439  10010 0.09011497
9  231439 241450  10012 0.24404926
10 256450 266459  10010 0.11853855
11 281459 291483  10025 0.12300186
12 306483 316500  10018 0.09217903
13 331500 341530  10031 0.08284505
14 356530 366517   9988 0.05372922
15 381517 391539  10023 0.32244179
16 406539 416548  10010 0.13645614
17 431548 441580  10033 0.07734851
18 456580 466579  10000 0.09837038
19 481579 491587  10009 0.19466983
20 506587 516609  10023 0.18318104
21 531609 541650  10042 0.09986016
22 556650 566649  10000 0.06776487
23 581649 591666  10018 0.09926485
24 606666 616699  10034 0.08219222
25 631699 641709  10011 0.08291928
26 656709 666707   9999 0.05769464
27 681707 691717  10011 0.09950949
28 706717 716739  10023 0.20701776
29 731739 741760  10022 0.21743594
30 756760 766768  10009 0.09632200


[[3]]
[[3]]$baseline
[1] 0.9416273

[[3]]$peaks
[1] 0.9416273 1.7860849 3.3671969

[[3]]$thresholds
[1] 1.588446 2.738346

[[3]]$noise
[1] 57.29425

[[3]]$markers
    runid tag length  start    end Gen
2       2  L3   4937  23614  28550   1
7       7  L3   4952  48593  53544   1
13     13  L3   4939  73594  78532   1
18     18  L3   4953  98583 103535   1
23     23  L3   4940 123601 128540   1
26     26  L3   4933 148614 153546   1
29     29  L3   4936 173613 178548   1
34     34  L3   4941 198613 203553   1
37     37  L3   4923 223633 228555   1
42     42  L3   4990 248623 253612   1
45     45  L3   4987 273633 278619   1
50     50  L3   4941 298633 303573   1
53     53  L3   4928 323653 328580   1
56     56  L3   4943 348641 353583   1
62     62  L3   4947 373653 378599   1
65     65  L3   4934 398663 403596   1
68     68  L3   4939 423663 428601   1
711    71  L3   5056 448673 453728   1
76     76  L3   5034 473673 478706   1
79     79  L3   4935 498682 503616   1
82     82  L3   4940 523683 528622   1
85     85  L3   4996 548693 553688   1
88     88  L3   4942 573693 578634   1
94     94  L3   4946 598693 603638   1
97     97  L3   4929 623711 628639   1
102   102  L3   4941 648702 653642   1
105   105  L3   4934 673712 678645   1
110   110  L3   4928 698722 703649   1
113   113  L3   4932 723720 728651   1
116   116  L3   4925 748733 753657   1
121   121  L3   4994 773722 778715   1

[[3]]$work
    start    end length          P
1   33614  43593   9980 0.07383680
2   58593  68594  10002 0.09465175
3   83594  93583   9990 0.12622924
4  108583 118601  10019 0.10963793
5  133601 143614  10014 0.08443712
6  158614 168613  10000 0.44842931
7  183613 193613  10001 0.10584208
8  208613 218633  10021 0.11124870
9  233633 243623   9991 0.10861085
10 258623 268633  10011 0.09742764
11 283633 293633  10001 0.09934608
12 308633 318653  10021 0.07152982
13 333653 343641   9989 0.07922921
14 358641 368653  10013 0.18349610
15 383653 393663  10011 0.13199882
16 408663 418663  10001 0.06716709
17 433663 443673  10011 0.07400066
18 458673 468673  10001 0.32979115
19 483673 493682  10010 0.09815177
20 508682 518683  10002 0.11273263
21 533683 543693  10011 0.07746603
22 558693 568693  10001 0.10494604
23 583693 593693  10001 0.29050977
24 608693 618711  10019 0.06509831
25 633711 643702   9992 0.06233437
26 658702 668712  10011 0.10443470
27 683712 693722  10011 0.11185965
28 708722 718720   9999 0.05852742
29 733720 743733  10014 0.06909033
30 758733 768722   9990 0.11396587


[[4]]
[[4]]$baseline
[1] 0.9921438

[[4]]$peaks
[1] 0.9921438 1.7745018 3.4119952

[[4]]$thresholds
[1] 1.501586 2.629637

[[4]]$noise
[1] 54.40507

[[4]]$markers
    runid tag length  start    end Gen
5       5  L3   5048  23144  28191   1
11     11  L3   4938  39467  44404   1
17     17  L3   4942  55794  60735   1
25     25  L3   4939  72094  77032   1
31     31  L3   4984  88406  93389   1
39     39  L3   4942 104725 109666   1
47     47  L3   5015 121045 126059   1
53     53  L3   4941 137315 142255   1
58     58  L3   4941 153585 158525   1
66     66  L3   4930 169907 174836   1
74     74  L3   4937 186233 191169   1
80     80  L3   5004 202546 207549   1
86     86  L3   4938 218856 223793   1
92     92  L3   4972 235174 240145   1
98     98  L3   5045 251484 256528   1
104   104  L3   4936 267804 272739   1
110   110  L3   4941 284096 289036   1
116   116  L3   4904 300416 305319   1
122   122  L3   4979 316704 321682   1
128   128  L3   5026 333076 338101   1
134   134  L3   4942 349424 354365   1
142   142  L3   5184 365734 370917   1
148   148  L3   4940 382045 386984   1
156   156  L3   4933 398341 403273   1
164   164  L3   4917 414686 419602   1
170   170  L3   4987 430942 435928   1
176   176  L3   4927 447316 452242   1
184   184  L3   5009 463548 468556   1
191   191  L3   4947 479923 484869   1
199   199  L3   4944 496266 501209   1
204   204  L3   4944 512524 517467   1

[[4]]$work
    start    end length        P
1   33144  34467   1324 2.270880
2   49467  50794   1328 2.344266
3   65794  67094   1301 2.287110
4   82094  83406   1313 2.293897
5   98406  99725   1320 2.276142
6  114725 116045   1321 2.300970
7  131045 132315   1271 2.499656
8  147315 148585   1271 2.502698
9  163585 164907   1323 2.310828
10 179907 181233   1327 2.363486
11 196233 197546   1314 2.302450
12 212546 213856   1311 2.351792
13 228856 230174   1319 2.311031
14 245174 246484   1311 2.390841
15 261484 262804   1321 2.340643
16 277804 279096   1293 2.305526
17 294096 295416   1321 2.292291
18 310416 311704   1289 2.397420
19 326704 328076   1373 2.382149
20 343076 344424   1349 2.281164
21 359424 360734   1311 2.388501
22 375734 377045   1312 2.377297
23 392045 393341   1297 2.322440
24 408341 409686   1346 2.392336
25 424686 425942   1257 2.373962
26 440942 442316   1375 2.228387
27 457316 458548   1233 2.398660
28 473548 474923   1376 2.218021
29 489923 491266   1344 2.381735
30 506266 507524   1259 2.488174


[[5]]
[[5]]$baseline
[1] 1.000299

[[5]]$peaks
[1] 1.000299 1.792309 3.438449

[[5]]$thresholds
[1] 1.497247 2.661968

[[5]]$noise
[1] 13.78811

[[5]]$markers
    runid tag length  start    end Gen
19     19  L3   4941  22300  27240   1
27     27  L3   4917  37732  42648   1
35     35  L3   4948  53122  58069   1
41     41  L3   4947  68553  73499   1
47     47  L3   4916  84003  88918   1
55     55  L3   4943  99393 104335   1
61     61  L3   4936 114842 119777   1
66     66  L3   4982 130216 135197   1
72     72  L3   4934 145669 150602   1
80     80  L3   4938 161074 166011   1
88     88  L3   5000 176421 181420   1
97     97  L3   4940 191900 196839   1
105   105  L3   4952 207311 212262   1
111   111  L3   4940 222743 227682   1
121   121  L3   4934 238163 243096   1
129   129  L3   4943 253582 258524   1
138   138  L3   4940 269022 273961   1
144   144  L3   4942 284451 289392   1
154   154  L3   4957 299850 304806   1
165   165  L3   4943 315271 320213   1
171   171  L3   4941 330680 335620   1
179   179  L3   4949 346093 351041   1
199   199  L3   4946 361611 366556   1
206   206  L3   4936 377093 382028   1
218   218  L3   4943 392462 397404   1
224   224  L3   4936 407891 412826   1
234   234  L3   4941 423313 428253   1
242   242  L3   4934 438742 443675   1
254   254  L3   4939 454171 459109   1
286   286  L3   4942 469590 474531   1
294   294  L3   4937 485001 489937   1

[[5]]$work
    start    end length        P
1   32300  32732    433 2.063645
2   47732  48122    391 2.138096
3   63122  63553    432 2.032297
4   78553  79003    451 1.953378
5   94003  94393    391 2.138801
6  109393 109842    450 1.899979
7  124842 125216    375 2.250116
8  140216 140669    454 1.905847
9  155669 156074    406 2.091167
10 171074 171421    348 2.355957
11 186421 186900    480 1.861735
12 201900 202311    412 2.147321
13 217311 217743    433 2.055130
14 232743 233163    421 2.075289
15 248163 248582    420 2.169946
16 263582 264022    441 1.986829
17 279022 279451    430 2.059746
18 294451 294850    400 2.126537
19 309850 310271    422 2.061330
20 325271 325680    410 2.121872
21 340680 341093    414 2.106977
22 356093 356611    519 2.158042
23 371611 372093    483 2.329945
24 387093 387462    370 2.105866
25 402462 402891    430 2.144317
26 417891 418313    423 2.132103
27 433313 433742    430 2.142023
28 448742 449171    430 2.167286
29 464171 464590    420 2.107844
30 479590 480001    412 2.105971


[[6]]
[[6]]$baseline
[1] 1.002149

[[6]]$peaks
[1] 1.002149 3.473100

[[6]]$thresholds
[1] 2.669539

[[6]]$noise
[1] 14.58045

[[6]]$markers
    runid tag length  start    end Gen
8       8  L2   4944  21251  26194   1
12     12  L2   4956  37420  42375   1
18     18  L2   4938  53594  58531   1
22     22  L2   4948  69712  74659   1
28     28  L2   4937  85842  90778   1
32     32  L2   4908 102004 106911   1
36     36  L2   4942 118092 123033   1
40     40  L2   4936 134234 139169   1
44     44  L2   4949 150384 155332   1
48     48  L2   4926 166542 171467   1
52     52  L2   4941 182642 187582   1
58     58  L2   4945 198761 203705   1
64     64  L2   4941 214882 219822   1
70     70  L2   4932 231003 235934   1
74     74  L2   4936 247122 252057   1
80     80  L2   4938 263332 268269   1
84     84  L2   4936 279452 284387   1
88     88  L2   4940 295573 300512   1
94     94  L2   4948 311681 316628   1
102   102  L2   4939 327873 332811   1
108   108  L2   4942 344011 348952   1
112   112  L2   4926 360171 365096   1
116   116  L2   4936 376284 381219   1
122   122  L2   4904 392442 397345   1
126   126  L2   4930 408512 413441   1
132   132  L2   4959 424599 429557   1
138   138  L2   4935 440762 445696   1
142   142  L2   4925 456871 461795   1
146   146  L2   4939 472963 477901   1
152   152  L2   4946 489074 494019   1
158   158  L2   4953 505203 510155   1

[[6]]$work
    start    end length        P
1   31251  32420   1170 2.969088
2   47420  48594   1175 2.805556
3   63594  64712   1119 2.880190
4   79712  80842   1131 2.835140
5   95842  97004   1163 2.797834
6  112004 113092   1089 2.871560
7  128092 129234   1143 2.803093
8  144234 145384   1151 2.840562
9  160384 161542   1159 2.763007
10 176542 177642   1101 2.851195
11 192642 193761   1120 2.880537
12 208761 209882   1122 2.841977
13 224882 226003   1122 2.851299
14 241003 242122   1120 2.869519
15 257122 258332   1211 3.031219
16 273332 274452   1121 2.875201
17 289452 290573   1122 2.872061
18 305573 306681   1109 2.897345
19 321681 322873   1193 3.044507
20 337873 339011   1139 2.840016
21 354011 355171   1161 2.781456
22 370171 371284   1114 2.866526
23 386284 387442   1159 2.857918
24 402442 403512   1071 2.951412
25 418512 419599   1088 2.928238
26 434599 435762   1164 2.796747
27 450762 451871   1110 2.849293
28 466871 467963   1093 2.848866
29 482963 484074   1112 2.898895
30 499074 500203   1130 2.876513


[[7]]
[[7]]$baseline
[1] 1.11479

[[7]]$peaks
[1] 1.114790 3.597788

[[7]]$thresholds
[1] 2.666664

[[7]]$noise
[1] 41.58012

[[7]]$markers
    runid tag length  start    end Gen
10     10  L2   4911  49999  54909   1
14     14  L2   4940  77032  81971   1
18     18  L2   4938 104139 109076   1
26     26  L2   4949 131211 136159   1
30     30  L2   4968 158360 163327   1
34     34  L2   4985 185470 190454   1
40     40  L2   4942 212541 217482   1
46     46  L2   4966 239760 244725   1
50     50  L2   4947 266902 271848   1
56     56  L2   4913 294111 299023   1
60     60  L2   4953 321150 326102   1
64     64  L2   4911 348290 353200   1
68     68  L2   4989 375389 380377   1
74     74  L2   4976 402500 407475   1
78     78  L2   4944 429431 434374   1
86     86  L2   4964 456311 461274   1
90     90  L2   4945 483249 488193   1
94     94  L2   4944 510140 515083   1
100   100  L2   4998 536982 541979   1
104   104  L2   5053 563879 568931   1
110   110  L2   4956 590790 595745   1
114   114  L2   4976 617662 622637   1
118   118  L2   4955 644491 649445   1
122   122  L2   4921 671300 676220   1
128   128  L2   5011 698090 703100   1
132   132  L2   4943 724981 729923   1
136   136  L2   4969 751931 756899   1
140   140  L2   4913 778901 783813   1
144   144  L2   4948 805772 810719   1
150   150  L2   4959 832612 837570   1
154   154  L2   4985 859541 864525   1

[[7]]$work
    start    end length        P
1   59999  72032  12034 2.483327
2   87032  99139  12108 2.456009
3  114139 126211  12073 2.530047
4  141211 153360  12150 2.502292
5  168360 180470  12111 2.551453
6  195470 207541  12072 2.545977
7  222541 234760  12220 2.553014
8  249760 261902  12143 2.536807
9  276902 289111  12210 2.529722
10 304111 316150  12040 2.525399
11 331150 343290  12141 2.528434
12 358290 370389  12100 2.562516
13 385389 397500  12112 2.643884
14 412500 424431  11932 2.554389
15 439431 451311  11881 2.520216
16 466311 478249  11939 2.511185
17 493249 505140  11892 2.552484
18 520140 531982  11843 2.534362
19 546982 558879  11898 2.567973
20 573879 585790  11912 2.596213
21 600790 612662  11873 2.571919
22 627662 639491  11830 2.552300
23 654491 666300  11810 2.607877
24 681300 693090  11791 2.664151
25 708090 719981  11892 2.521451
26 734981 746931  11951 2.576671
27 761931 773901  11971 2.555461
28 788901 800772  11872 2.564593
29 815772 827612  11841 2.615305
30 842612 854541  11930 2.594730


[[8]]
[[8]]$baseline
[1] 1.099057

[[8]]$peaks
[1] 1.099057 3.453682

[[8]]$thresholds
[1] 2.625203

[[8]]$noise
[1] 54.45324

[[8]]$markers
    runid tag length  start    end Gen
4       4  L2   4944  22208  27151   1
8       8  L2   4978  38985  43962   1
14     14  L2   5026  55868  60893   1
18     18  L2   4961  72636  77596   1
24     24  L2   4977  89423  94399   1
28     28  L2   4992 106287 111278   1
32     32  L2   4943 123156 128098   1
36     36  L2   4950 139948 144897   1
40     40  L2   5137 156797 161933   1
44     44  L2   4969 173588 178556   1
48     48  L2   5018 190397 195414   1
52     52  L2   4932 207256 212187   1
58     58  L2   4966 224084 229049   1
62     62  L2   4924 240905 245828   1
66     66  L2   5136 257708 262843   1
70     70  L2   4941 274518 279458   1
74     74  L2   4993 291328 296320   1
78     78  L2   5178 308158 313335   1
84     84  L2   4983 324958 329940   1
90     90  L2   5017 341736 346752   1
94     94  L2   4945 358566 363510   1
98     98  L2   4960 375407 380366   1
102   102  L2   4917 392245 397161   1
106   106  L2   5009 409068 414076   1
110   110  L2   4975 425916 430890   1
116   116  L2   4938 442726 447663   1
120   120  L2   4955 459565 464519   1
124   124  L2   5067 476408 481474   1
128   128  L2   4911 493235 498145   1
132   132  L2   5106 509997 515102   1
136   136  L2   4974 526866 531839   2

[[8]]$work
    start    end length        P
1   32208  33985   1778 2.475866
2   48985  50868   1884 2.336639
3   65868  67636   1769 2.381721
4   82636  84423   1788 2.418748
5   99423 101287   1865 2.294613
6  116287 118156   1870 2.365488
7  133156 134948   1793 2.403576
8  149948 151797   1850 2.371199
9  166797 168588   1792 2.396301
10 183588 185397   1810 2.388505
11 200397 202256   1860 2.465426
12 217256 219084   1829 2.334266
13 234084 235905   1822 2.375420
14 250905 252708   1804 2.393393
15 267708 269518   1811 2.364217
16 284518 286328   1811 2.428532
17 301328 303158   1831 2.399177
18 318158 319958   1801 2.387880
19 334958 336736   1779 2.388581
20 351736 353566   1831 2.460758
21 368566 370407   1842 2.362347
22 385407 387245   1839 2.373216
23 402245 404068   1824 2.318548
24 419068 420916   1849 2.356208
25 435916 437726   1811 2.390168
26 452726 454565   1840 2.462818
27 469565 471408   1844 2.361144
28 486408 488235   1828 2.399085
29 503235 504997   1763 2.527358
30 519997 521866   1870 2.370468


[[9]]
[[9]]$baseline
[1] 1.067615

[[9]]$peaks
[1] 1.067615 3.624819

[[9]]$thresholds
[1] 2.634934

[[9]]$noise
[1] 30.09368

[[9]]$markers
    runid tag length  start    end Gen
6       6  L2   4959  25057  30015   1
10     10  L2   4931  44867  49797   1
16     16  L2   5046  64607  69652   1
20     20  L2   4978  84445  89422   1
24     24  L2   4982 104247 109228   1
28     28  L2   4954 124117 129070   1
34     34  L2   4975 143955 148929   1
38     38  L2   4922 163845 168766   1
44     44  L2   4958 183625 188582   1
48     48  L2   4941 203395 208335   1
52     52  L2   4943 223176 228118   1
56     56  L2   4944 242977 247920   1
62     62  L2   4953 262805 267757   1
66     66  L2   4955 282594 287548   1
72     72  L2   4993 302366 307358   1
78     78  L2   4918 322167 327084   1
80     80  L2   4770 332141 336910   2
82     82  L2   4943 341925 346867   1
86     86  L2   4768 351929 356696   1
88     88  L2   4915 361765 366679   1
90     90  L2   4944 371736 376679   2
92     92  L2   4935 381647 386581   1
94     94  L2   4786 391620 396405   1
96     96  L2   4935 401417 406351   1
98     98  L2   4794 411395 416188   2
100   100  L2   4938 421195 426132   1
104   104  L2   4972 441025 445996   1
108   108  L2   4938 460855 465792   1
112   112  L2   4932 480619 485550   1
116   116  L2   4934 500424 505357   1
120   120  L2   4941 520235 525175   1
124   124  L2   4937 540016 544952   1
130   130  L2   4937 559795 564731   1
136   136  L2   4940 579595 584534   1
140   140  L2   4936 599345 604280   1
144   144  L2   4944 619106 624049   1

[[9]]$work
    start    end length         P
1   35057  39867   4811 2.6974421
2   54867  59607   4741 2.7313349
3   74607  79445   4839 2.7334979
4   94445  99247   4803 2.7527726
5  114247 119117   4871 2.7088734
6  134117 138955   4839 2.7659065
7  153955 158845   4891 2.7259978
8  173845 178625   4781 2.7768774
9  193625 198395   4771 2.7828764
10 213395 218176   4782 2.7584796
11 233176 237977   4802 2.7913723
12 252977 257805   4829 2.7960212
13 272805 277594   4790 2.7915466
14 292594 297366   4773 2.7652642
15 312366 317167   4802 2.8228218
16 332167 327141  -5025 0.1126315
17 342141 336925  -5215 0.3723975
18 351925 346929  -4995 0.5806258
19 361929 356765  -5163 0.1994878
20 371765 366736  -5028 0.1515291
21 381736 376647  -5088 0.2219882
22 391647 386620  -5026 0.1711426
23 401620 396417  -5202 0.2794120
24 411417 406395  -5021 0.2370958
25 421395 416195  -5199 0.3118849
26 431195 436025   4831 2.8675057
27 451025 455855   4831 2.7368438
28 470855 475619   4765 2.8110279
29 490619 495424   4806 2.7671806
30 510424 515235   4812 2.7265180
31 530235 535016   4782 2.6799532
32 550016 554795   4780 2.7254480
33 569795 574595   4801 2.7069700
34 589595 594345   4751 2.7425658
35 609345 614106   4762 2.7643533


[[10]]
[[10]]$baseline
[1] 0.9611972

[[10]]$peaks
[1] 0.9611972 1.7103666 3.3861402

[[10]]$thresholds
[1] 1.532932 2.597541

[[10]]$noise
[1] 18.37811

[[10]]$markers
    runid tag length  start    end Gen
7       7  L3   5060  23592  28651   1
17     17  L3   4963  38967  43929   1
25     25  L3   4930  54255  59184   1
31     31  L3   4943  69516  74458   1
39     39  L3   4946  84804  89749   1
45     45  L3   4965 100076 105040   1
51     51  L3   4937 115376 120312   1
57     57  L3   4960 130654 135613   1
65     65  L3   4940 145916 150855   1
71     71  L3   4944 161165 166108   1
78     78  L3   4957 176422 181378   1
84     84  L3   4936 191715 196650   1
90     90  L3   4954 206974 211927   1
100   100  L3   4947 222277 227223   1
108   108  L3   4936 237594 242529   1
114   114  L3   4941 252885 257825   1
120   120  L3   4941 268185 273125   1
128   128  L3   4936 283505 288440   1
140   140  L3   4921 298792 303712   1
146   146  L3   4946 314074 319019   1
158   158  L3   4911 329403 334313   1
168   168  L3   4908 344714 349621   1
176   176  L3   4918 359973 364890   1
182   182  L3   4941 375214 380154   1
193   193  L3   4937 390503 395439   1
207   207  L3   4953 405816 410768   1
215   215  L3   4943 421116 426058   1
223   223  L3   4938 436414 441351   1
230   230  L3   4942 451694 456635   1
236   236  L3   4944 466975 471918   1
244   244  L3   4935 482274 487208   1

[[10]]$work
    start    end length        P
1   33592  33967    376 1.667169
2   48967  49255    289 2.183016
3   64255  64516    262 2.201166
4   79516  79804    289 2.199134
5   94804  95076    273 2.275349
6  110076 110376    301 2.185040
7  125376 125654    279 2.350636
8  140654 140916    263 2.327453
9  155916 156165    250 2.545192
10 171165 171422    258 2.392525
11 186422 186715    294 2.263969
12 201715 201974    260 2.393899
13 216974 217277    304 2.245843
14 232277 232594    318 2.213133
15 247594 247885    292 2.359220
16 262885 263185    301 2.231873
17 278185 278505    321 2.194900
18 293505 293792    288 2.268369
19 308792 309074    283 2.280079
20 324074 324403    330 2.076094
21 339403 339714    312 2.161705
22 354714 354973    260 2.250248
23 369973 370214    242 2.351502
24 385214 385503    290 2.196646
25 400503 400816    314 2.195660
26 415816 416116    301 2.274625
27 431116 431414    299 2.257342
28 446414 446694    281 2.366571
29 461694 461975    282 2.463818
30 476975 477274    300 2.268009


[[11]]
[[11]]$baseline
[1] 0.9662752

[[11]]$peaks
[1] 0.9662752 1.6665635 3.4285793

[[11]]$thresholds
[1] 1.621384 2.637931

[[11]]$noise
[1] 18.72298

[[11]]$markers
    runid tag length  start    end Gen
8       8  L3   4957  23291  28247   1
20     20  L3   5005  39155  44159   1
30     30  L3   4965  55050  60014   1
36     36  L3   4956  70945  75900   1
43     43  L3   5019  86778  91796   1
51     51  L3   5035 102619 107653   1
57     57  L3   5004 118485 123488   1
63     63  L3   5089 134282 139370   1
70     70  L3   5156 150066 155221   1
78     78  L3   4998 166080 171077   1
90     90  L3   5039 181999 187037   1
96     96  L3   5001 197890 202890   1
105   105  L3   5017 213721 218737   1
113   113  L3   5117 229570 234686   1
119   119  L3   4990 245519 250508   1
125   125  L3   4987 261419 266405   1
133   133  L3   4978 277309 282286   1
141   141  L3   4988 293180 298167   1
149   149  L3   4985 309068 314052   1
161   161  L3   4990 324920 329909   1
171   171  L3   4985 340790 345774   1
177   177  L3   5001 356668 361668   1
192   192  L3   4948 388410 393357   1
200   200  L3   4998 404224 409221   1
206   206  L3   4980 420168 425147   1
212   212  L3   4982 436038 441019   1
220   220  L3   4995 451951 456945   1
228   228  L3   5009 467769 472777   1
236   236  L3   5011 483640 488650   1
245   245  L3   4974 499531 504504   1

[[11]]$work
    start    end length        P
1   33291  34155    865 3.506477
2   49155  50050    896 2.849304
3   65050  65945    896 2.982681
4   80945  81778    834 3.048218
5   96778  97619    842 2.905569
6  112619 113485    867 2.832188
7  128485 129282    798 2.746474
8  144282 145066    785 2.405414
9  160066 161080   1015 2.471490
10 176080 176999    920 3.214674
11 191999 192890    892 2.789577
12 207890 208721    832 2.926855
13 223721 224570    850 2.728701
14 239570 240519    950 2.666289
15 255519 256419    901 2.948698
16 271419 272309    891 2.871957
17 287309 288180    872 2.901591
18 303180 304068    889 2.837987
19 319068 319920    853 2.876062
20 334920 335790    871 2.891815
21 350790 351668    879 2.843609
22 366668 383410  16743 1.289873
23 398410 399224    815 2.967583
24 414224 415168    945 3.055398
25 430168 431038    871 2.931182
26 446038 446951    914 2.881859
27 461951 462769    819 3.096266
28 477769 478640    872 2.933129
29 493640 494531    892 3.072796


