[[1]]
[[1]]$baseline
[1] 1.005727

[[1]]$peaks
[1] 1.005727 3.330128

[[1]]$thresholds
[1] 2.5262

[[1]]$noise
[1] 22.50402

[[1]]$markers
    runid tag length  start    end Gen
6       6  L2   4962  21854  26815   1
10     10  L2   4936  38197  43132   1
16     16  L2   5117  54364  59480   1
20     20  L2   4953  70857  75809   1
24     24  L2   4955  87157  92111   1
28     28  L2   4925 103514 108438   1
32     32  L2   4943 119867 124809   1
36     36  L2   4940 136218 141157   1
40     40  L2   4928 152565 157492   1
46     46  L2   4975 168877 173851   1
52     52  L2   4930 185227 190156   1
56     56  L2   4936 201556 206491   1
60     60  L2   4941 217896 222836   1
66     66  L2   4939 234224 239162   1
70     70  L2   4955 250536 255490   1
74     74  L2   4935 266876 271810   1
78     78  L2   4948 283176 288123   1
82     82  L2   4941 299515 304455   1
86     86  L2   4940 315827 320766   1
90     90  L2   4916 332196 337111   1
96     96  L2   4954 348515 353468   1
100   100  L2   4984 364834 369817   1
104   104  L2   4934 381205 386138   1
108   108  L2   4940 397476 402415   1
112   112  L2   4953 413815 418767   1
120   120  L2   4939 430144 435082   1
124   124  L2   4964 446475 451438   1
128   128  L2   4917 462836 467752   1
132   132  L2   4950 479163 484112   1
136   136  L2   4947 495507 500453   1
142   142  L2   4934 511871 516804   1

[[1]]$work
    start    end length        P
1   31854  33197   1344 2.217972
2   48197  49364   1168 2.323480
3   64364  65857   1494 2.051637
4   80857  82157   1301 2.217069
5   97157  98514   1358 2.188574
6  113514 114867   1354 2.231648
7  129867 131218   1352 2.309838
8  146218 147565   1348 2.215753
9  162565 163877   1313 2.231374
10 178877 180227   1351 2.255442
11 195227 196556   1330 2.216320
12 211556 212896   1341 2.238046
13 227896 229224   1329 2.283103
14 244224 245536   1313 2.268601
15 260536 261876   1341 2.235700
16 276876 278176   1301 2.287975
17 293176 294515   1340 2.416344
18 309515 310827   1313 2.437720
19 325827 327196   1370 2.219189
20 342196 343515   1320 2.298227
21 358515 359834   1320 2.307090
22 374834 376205   1372 2.219385
23 391205 392476   1272 2.280268
24 407476 408815   1340 2.231140
25 423815 425144   1330 2.303984
26 440144 441475   1332 2.235003
27 456475 457836   1362 2.229531
28 472836 474163   1328 2.318735
29 489163 490507   1345 2.429954
30 505507 506871   1365 2.257230


[[2]]
[[2]]$baseline
[1] 0.9291783

[[2]]$peaks
[1] 0.9291783 3.2924185

[[2]]$thresholds
[1] 2.627757

[[2]]$noise
[1] 337.7693

[[2]]$markers
   runid tag length  start    end Gen
4      4  L2   5563  46350  51912   2
6      6  L2   5351  71368  76718   2
8      8  L2   5166  96408 101573   1
10    10  L2   5219 121399 126617   1
12    12  L2   4933 146410 151342   2
14    14  L2   4937 171419 176355   2
16    16  L2   5725 196429 202153   1
18    18  L2   5735 221439 227173   1
20    20  L2   5484 246450 251933   1
22    22  L2   5188 271459 276646   1
24    24  L2   4939 296481 301419   2
26    26  L2   5056 321500 326555   2
28    28  L2   5238 346529 351766   1
30    30  L2   5460 371517 376976   1
32    32  L2   4935 396538 401472   1
34    34  L2   5103 421548 426650   2
36    36  L2   4928 446580 451507   1
40    40  L2   5035 496587 501621   1
42    42  L2   5164 521609 526772   2
44    44  L2   5190 546650 551839   1
46    46  L2   5114 571649 576762   1
48    48  L2   4937 596666 601602   2
50    50  L2   5084 621699 626782   2
52    52  L2   5235 646709 651943   1
54    54  L2   5495 671707 677201   1
56    56  L2   4944 696717 701660   2
58    58  L2   5051 721892 726942   1
60    60  L2   6090 746760 752849   1
62    62  L2   4975 771768 776742   1

[[2]]$work
    start    end length          P
1   56350  66368  10019 0.04070947
2   81368  91408  10041 0.06192609
3  106408 116399   9992 0.12330667
4  131399 141410  10012 0.03568499
5  156410 166419  10010 0.14460980
6  181419 191429  10011 0.07475933
7  206429 216439  10011 0.07056575
8  231439 241450  10012 0.22448422
9  256450 266459  10010 0.09897351
10 281459 291481  10023 0.10339621
11 306481 316500  10020 0.07257409
12 331500 341529  10030 0.06330749
13 356529 366517   9989 0.03415242
14 381517 391538  10022 0.30288347
15 406538 416548  10011 0.11687659
16 431548 441580  10033 0.05778347
17 456580 491587  35008 0.46444132
18 506587 516609  10023 0.16361601
19 531609 541650  10042 0.08029512
20 556650 566649  10000 0.04819984
21 581649 591666  10018 0.07969982
22 606666 616699  10034 0.06262718
23 631699 641709  10011 0.06335424
24 656709 666707   9999 0.03812960
25 681707 691717  10011 0.07994445
26 706717 716892  10176 0.18506512
27 731892 741760   9869 0.20046433
28 756760 766768  10009 0.07675696


[[3]]
[[3]]$baseline
[1] 0.9536311

[[3]]$peaks
[1] 0.9536311 1.7088566 3.3666686

[[3]]$thresholds
[1] 1.672016 2.685124

[[3]]$noise
[1] 17.36257

[[3]]$markers
    runid tag length  start    end Gen
5       5  L3   4912  23614  28525   1
10     10  L3   4952  48593  53544   1
18     18  L3   4939  73594  78532   1
23     23  L3   4953  98583 103535   1
28     28  L3   4940 123601 128540   1
31     31  L3   4942 148614 153555   1
36     36  L3   4936 173613 178548   1
49     49  L3   4941 198613 203553   1
54     54  L3   4924 223632 228555   1
61     61  L3   4955 248623 253577   1
64     64  L3   4950 273633 278582   1
69     69  L3   4941 298633 303573   1
74     74  L3   4942 323653 328594   1
77     77  L3   4943 348641 353583   1
83     83  L3   4947 373653 378599   1
90     90  L3   4934 398663 403596   1
95     95  L3   4940 423662 428601   1
100   100  L3   5004 448673 453676   1
107   107  L3   4940 473672 478611   1
110   110  L3   4935 498682 503616   1
113   113  L3   4940 523683 528622   1
118   118  L3   4947 548693 553639   1
123   123  L3   4942 573693 578634   1
136   136  L3   4946 598693 603638   1
139   139  L3   4929 623711 628639   1
145   145  L3   4941 648702 653642   1
152   152  L3   4934 673712 678645   1
157   157  L3   4928 698722 703649   1
160   160  L3   4932 723720 728651   1
163   163  L3   4937 748733 753669   1
169   169  L3   4955 773721 778675   1

[[3]]$work
    start    end length          P
1   33614  43593   9980 0.06183307
2   58593  68594  10002 0.08264802
3   83594  93583   9990 0.11422550
4  108583 118601  10019 0.09763420
5  133601 143614  10014 0.07243338
6  158614 168613  10000 0.43642558
7  183613 193613  10001 0.09383834
8  208613 218632  10020 0.09926635
9  233632 243623   9992 0.09658037
10 258623 268633  10011 0.08542391
11 283633 293633  10001 0.08734235
12 308633 318653  10021 0.05952608
13 333653 343641   9989 0.06722548
14 358641 368653  10013 0.17149237
15 383653 393663  10011 0.11999509
16 408663 418662  10000 0.05517316
17 433662 443673  10012 0.06202715
18 458673 468672  10000 0.31782409
19 483672 493682  10011 0.08615193
20 508682 518683  10002 0.10072890
21 533683 543693  10011 0.06546229
22 558693 568693  10001 0.09294231
23 583693 593693  10001 0.27850603
24 608693 618711  10019 0.05309457
25 633711 643702   9992 0.05033063
26 658702 668712  10011 0.09243097
27 683712 693722  10011 0.09985592
28 708722 718720   9999 0.04652369
29 733720 743733  10014 0.05708659
30 758733 768721   9989 0.10196784


[[4]]
[[4]]$baseline
[1] 1.038798

[[4]]$peaks
[1] 1.038798 3.415417

[[4]]$thresholds
[1] 2.616873

[[4]]$noise
[1] 14.41703

[[4]]$markers
    runid tag length  start    end Gen
10     10  L2   4961  23144  28104   1
14     14  L2   4938  39467  44404   1
18     18  L2   4942  55794  60735   1
24     24  L2   4939  72094  77032   1
28     28  L2   4939  88406  93344   1
34     34  L2   4942 104725 109666   1
42     42  L2   4957 121044 126000   1
46     46  L2   4941 137315 142255   1
50     50  L2   4941 153585 158525   1
56     56  L2   4931 169906 174836   1
62     62  L2   4937 186233 191169   1
66     66  L2   4957 202546 207502   1
70     70  L2   4938 218856 223793   1
74     74  L2   4936 235174 240109   1
78     78  L2   4946 251484 256429   1
82     82  L2   4936 267804 272739   1
86     86  L2   4941 284096 289036   1
90     90  L2   4904 300416 305319   1
96     96  L2   4945 316704 321648   1
100   100  L2   4947 333076 338022   1
104   104  L2   4942 349424 354365   1
110   110  L2   4940 365734 370673   1
114   114  L2   4940 382045 386984   1
118   118  L2   4934 398340 403273   1
124   124  L2   4917 414686 419602   1
128   128  L2   4987 430942 435928   1
132   132  L2   4927 447316 452242   1
138   138  L2   5009 463548 468556   1
146   146  L2   4947 479923 484869   1
150   150  L2   4944 496266 501209   1
156   156  L2   4944 512524 517467   1

[[4]]$work
    start    end length        P
1   33144  34467   1324 2.224226
2   49467  50794   1328 2.297612
3   65794  67094   1301 2.240456
4   82094  83406   1313 2.247242
5   98406  99725   1320 2.229488
6  114725 116044   1320 2.255399
7  131044 132315   1272 2.452764
8  147315 148585   1271 2.456044
9  163585 164906   1322 2.265240
10 179906 181233   1328 2.315195
11 196233 197546   1314 2.255796
12 212546 213856   1311 2.305138
13 228856 230174   1319 2.264377
14 245174 246484   1311 2.344187
15 261484 262804   1321 2.293989
16 277804 279096   1293 2.258872
17 294096 295416   1321 2.245637
18 310416 311704   1289 2.350766
19 326704 328076   1373 2.335495
20 343076 344424   1349 2.234510
21 359424 360734   1311 2.341847
22 375734 377045   1312 2.330643
23 392045 393340   1296 2.276964
24 408340 409686   1347 2.345529
25 424686 425942   1257 2.327308
26 440942 442316   1375 2.181733
27 457316 458548   1233 2.352006
28 473548 474923   1376 2.171367
29 489923 491266   1344 2.335081
30 506266 507524   1259 2.441520


[[5]]
[[5]]$baseline
[1] 1.025981

[[5]]$peaks
[1] 1.025981 3.445386

[[5]]$thresholds
[1] 2.644367

[[5]]$noise
[1] 22.60097

[[5]]$markers
    runid tag length  start    end Gen
6       6  L2   4941  22300  27240   1
10     10  L2   4917  37732  42648   1
14     14  L2   4948  53122  58069   1
18     18  L2   4947  68553  73499   1
22     22  L2   4916  84003  88918   1
26     26  L2   4944  99392 104335   1
30     30  L2   4936 114842 119777   1
34     34  L2   4982 130216 135197   1
38     38  L2   4934 145669 150602   1
42     42  L2   4938 161074 166011   1
48     48  L2   5000 176421 181420   1
54     54  L2   4940 191900 196839   1
58     58  L2   4952 207311 212262   1
62     62  L2   4940 222743 227682   1
68     68  L2   4934 238163 243096   1
72     72  L2   4943 253582 258524   1
78     78  L2   4960 269022 273981   1
82     82  L2   4942 284451 289392   1
88     88  L2   4957 299850 304806   1
94     94  L2   4943 315271 320213   1
98     98  L2   4941 330680 335620   1
102   102  L2   4949 346093 351041   1
106   106  L2   4946 361611 366556   1
110   110  L2   4936 377093 382028   1
116   116  L2   4943 392462 397404   1
120   120  L2   4936 407891 412826   1
126   126  L2   4941 423313 428253   1
130   130  L2   4934 438742 443675   1
134   134  L2   4978 454171 459148   1
142   142  L2   4942 469590 474531   1
148   148  L2   4952 485001 489952   1

[[5]]$work
    start    end length        P
1   32300  32732    433 2.037962
2   47732  48122    391 2.112413
3   63122  63553    432 2.006614
4   78553  79003    451 1.927695
5   94003  94392    390 2.116259
6  109392 109842    451 1.870699
7  124842 125216    375 2.224433
8  140216 140669    454 1.880164
9  155669 156074    406 2.065485
10 171074 171421    348 2.330275
11 186421 186900    480 1.836053
12 201900 202311    412 2.121638
13 217311 217743    433 2.029448
14 232743 233163    421 2.049606
15 248163 248582    420 2.144264
16 263582 264022    441 1.961146
17 279022 279451    430 2.034063
18 294451 294850    400 2.100854
19 309850 310271    422 2.035647
20 325271 325680    410 2.096190
21 340680 341093    414 2.081294
22 356093 356611    519 2.132360
23 371611 372093    483 2.304262
24 387093 387462    370 2.080184
25 402462 402891    430 2.118634
26 417891 418313    423 2.106420
27 433313 433742    430 2.116340
28 448742 449171    430 2.141604
29 464171 464590    420 2.082161
30 479590 480001    412 2.080289


[[6]]
[[6]]$baseline
[1] 1.05617

[[6]]$peaks
[1] 1.056170 3.510217

[[6]]$thresholds
[1] 2.629277

[[6]]$noise
[1] 15.2874

[[6]]$markers
    runid tag length  start    end Gen
8       8  L2   4944  21251  26194   1
12     12  L2   4956  37420  42375   1
18     18  L2   4938  53594  58531   1
22     22  L2   4948  69712  74659   1
28     28  L2   4937  85842  90778   1
32     32  L2   4908 102004 106911   1
36     36  L2   4942 118092 123033   1
40     40  L2   4937 134233 139169   1
44     44  L2   4949 150384 155332   1
48     48  L2   4926 166542 171467   1
52     52  L2   4941 182642 187582   1
58     58  L2   4945 198761 203705   1
64     64  L2   4942 214881 219822   1
70     70  L2   4932 231003 235934   1
74     74  L2   4936 247122 252057   1
80     80  L2   4938 263332 268269   1
84     84  L2   4936 279452 284387   1
88     88  L2   4940 295573 300512   1
94     94  L2   4948 311681 316628   1
102   102  L2   4939 327873 332811   1
108   108  L2   4942 344011 348952   1
112   112  L2   4926 360171 365096   1
116   116  L2   4936 376284 381219   1
122   122  L2   4904 392442 397345   1
126   126  L2   4930 408512 413441   1
132   132  L2   4959 424599 429557   1
138   138  L2   4936 440761 445696   1
142   142  L2   4925 456871 461795   1
146   146  L2   4939 472963 477901   1
152   152  L2   4946 489074 494019   1
158   158  L2   4953 505203 510155   1

[[6]]$work
    start    end length        P
1   31251  32420   1170 2.915067
2   47420  48594   1175 2.751535
3   63594  64712   1119 2.826169
4   79712  80842   1131 2.781119
5   95842  97004   1163 2.743813
6  112004 113092   1089 2.817539
7  128092 129233   1142 2.749430
8  144233 145384   1152 2.784221
9  160384 161542   1159 2.708986
10 176542 177642   1101 2.797174
11 192642 193761   1120 2.826516
12 208761 209881   1121 2.789659
13 224881 226003   1123 2.797053
14 241003 242122   1120 2.815498
15 257122 258332   1211 2.977198
16 273332 274452   1121 2.821180
17 289452 290573   1122 2.818040
18 305573 306681   1109 2.843324
19 321681 322873   1193 2.990486
20 337873 339011   1139 2.785995
21 354011 355171   1161 2.727435
22 370171 371284   1114 2.812505
23 386284 387442   1159 2.803897
24 402442 403512   1071 2.897391
25 418512 419599   1088 2.874217
26 434599 435761   1163 2.744401
27 450761 451871   1111 2.795307
28 466871 467963   1093 2.794845
29 482963 484074   1112 2.844874
30 499074 500203   1130 2.822492


[[7]]
[[7]]$baseline
[1] 1.123069

[[7]]$peaks
[1] 1.123069 3.597044

[[7]]$thresholds
[1] 2.607454

[[7]]$noise
[1] 41.68409

[[7]]$markers
    runid tag length  start    end Gen
10     10  L2   4911  49999  54909   1
14     14  L2   4940  77032  81971   1
18     18  L2   4938 104139 109076   1
26     26  L2   5006 131209 136214   1
30     30  L2   4968 158360 163327   1
34     34  L2   4985 185470 190454   1
40     40  L2   4943 212540 217482   1
46     46  L2   4966 239760 244725   1
50     50  L2   4947 266902 271848   1
56     56  L2   4914 294110 299023   1
60     60  L2   4953 321150 326102   1
64     64  L2   5088 348290 353377   1
68     68  L2   4989 375389 380377   1
74     74  L2   4976 402500 407475   1
78     78  L2   4945 429430 434374   1
86     86  L2   4965 456310 461274   1
90     90  L2   4945 483249 488193   1
94     94  L2   5183 510140 515322   1
100   100  L2   4998 536982 541979   1
104   104  L2   5053 563879 568931   1
110   110  L2   5015 590790 595804   1
114   114  L2   4977 617661 622637   1
118   118  L2   4955 644491 649445   1
122   122  L2   4921 671300 676220   1
128   128  L2   5011 698090 703100   1
132   132  L2   4951 724981 729931   1
136   136  L2   5029 751930 756958   1
140   140  L2   5179 778901 784079   1
144   144  L2   4949 805771 810719   1
150   150  L2   4959 832612 837570   1
154   154  L2   4985 859541 864525   1

[[7]]$work
    start    end length        P
1   59999  72032  12034 2.475048
2   87032  99139  12108 2.447730
3  114139 126209  12071 2.522069
4  141209 153360  12152 2.493613
5  168360 180470  12111 2.543174
6  195470 207540  12071 2.537850
7  222540 234760  12221 2.544732
8  249760 261902  12143 2.528527
9  276902 289110  12209 2.521579
10 304110 316150  12041 2.517124
11 331150 343290  12141 2.520154
12 358290 370389  12100 2.554236
13 385389 397500  12112 2.635605
14 412500 424430  11931 2.546261
15 439430 451310  11881 2.512055
16 466310 478249  11940 2.502703
17 493249 505140  11892 2.544205
18 520140 531982  11843 2.526083
19 546982 558879  11898 2.559694
20 573879 585790  11912 2.587934
21 600790 612661  11872 2.563794
22 627661 639491  11831 2.543961
23 654491 666300  11810 2.599598
24 681300 693090  11791 2.655872
25 708090 719981  11892 2.513172
26 734981 746930  11950 2.568516
27 761930 773901  11972 2.546977
28 788901 800771  11871 2.556240
29 815771 827612  11842 2.607009
30 842612 854541  11930 2.586450


[[8]]
[[8]]$baseline
[1] 1.131665

[[8]]$peaks
[1] 1.131665 3.464822

[[8]]$thresholds
[1] 2.558742

[[8]]$noise
[1] 55.74995

[[8]]$markers
    runid tag length  start    end Gen
4       4  L2   4944  22208  27151   1
8       8  L2   4978  38985  43962   1
14     14  L2   5101  55868  60968   1
18     18  L2   4961  72636  77596   1
24     24  L2   4977  89423  94399   1
28     28  L2   4992 106287 111278   1
32     32  L2   4943 123156 128098   1
36     36  L2   4951 139947 144897   1
40     40  L2   5138 156796 161933   1
44     44  L2   4971 173586 178556   1
48     48  L2   5019 190396 195414   1
52     52  L2   4936 207256 212191   1
58     58  L2   5045 224084 229128   1
62     62  L2   4924 240905 245828   1
66     66  L2   5136 257708 262843   1
70     70  L2   4941 274518 279458   1
74     74  L2   4995 291326 296320   1
78     78  L2   5178 308158 313335   1
84     84  L2   5059 324956 330014   1
90     90  L2   5017 341736 346752   1
94     94  L2   4945 358566 363510   1
98     98  L2   4960 375407 380366   1
102   102  L2   4917 392245 397161   1
106   106  L2   5009 409068 414076   1
110   110  L2   4975 425916 430890   1
116   116  L2   4938 442726 447663   1
120   120  L2   4955 459565 464519   1
124   124  L2   5067 476408 481474   1
128   128  L2   4911 493235 498145   1
132   132  L2   5106 509997 515102   1
136   136  L2   4974 526866 531839   2

[[8]]$work
    start    end length        P
1   32208  33985   1778 2.443258
2   48985  50868   1884 2.304030
3   65868  67636   1769 2.349113
4   82636  84423   1788 2.386139
5   99423 101287   1865 2.262005
6  116287 118156   1870 2.332880
7  133156 134947   1792 2.371862
8  149947 151796   1850 2.339423
9  166796 168586   1791 2.365426
10 183586 185396   1811 2.354298
11 200396 202256   1861 2.432459
12 217256 219084   1829 2.301657
13 234084 235905   1822 2.342812
14 250905 252708   1804 2.360784
15 267708 269518   1811 2.331609
16 284518 286326   1809 2.397812
17 301326 303158   1833 2.364233
18 318158 319956   1799 2.357059
19 334956 336736   1781 2.355640
20 351736 353566   1831 2.428150
21 368566 370407   1842 2.329738
22 385407 387245   1839 2.340608
23 402245 404068   1824 2.285939
24 419068 420916   1849 2.323599
25 435916 437726   1811 2.357560
26 452726 454565   1840 2.430210
27 469565 471408   1844 2.328535
28 486408 488235   1828 2.366476
29 503235 504997   1763 2.494749
30 519997 521866   1870 2.337860


[[9]]
[[9]]$baseline
[1] 1.106593

[[9]]$peaks
[1] 1.106593 3.625499

[[9]]$thresholds
[1] 2.613631

[[9]]$noise
[1] 30.13687

[[9]]$markers
    runid tag length  start    end Gen
6       6  L2   4959  25057  30015   1
10     10  L2   4931  44867  49797   1
16     16  L2   5046  64607  69652   1
20     20  L2   4998  84445  89442   1
24     24  L2   4982 104247 109228   1
28     28  L2   4954 124117 129070   1
34     34  L2   4975 143955 148929   1
38     38  L2   4922 163845 168766   1
44     44  L2   4958 183625 188582   1
48     48  L2   4941 203395 208335   1
52     52  L2   4944 223175 228118   1
56     56  L2   4944 242977 247920   1
62     62  L2   4953 262805 267757   1
66     66  L2   4955 282594 287548   1
72     72  L2   4993 302366 307358   1
78     78  L2   4918 322167 327084   1
80     80  L2   4770 332141 336910   2
82     82  L2   4943 341925 346867   1
86     86  L2   4769 351928 356696   1
88     88  L2   4915 361765 366679   1
90     90  L2   4944 371736 376679   2
92     92  L2   4935 381647 386581   1
94     94  L2   4787 391619 396405   1
96     96  L2   4935 401417 406351   1
98     98  L2   4794 411395 416188   2
100   100  L2   4938 421195 426132   1
104   104  L2   4972 441025 445996   1
108   108  L2   4939 460854 465792   1
112   112  L2   4932 480619 485550   1
116   116  L2   4934 500424 505357   1
120   120  L2   4941 520235 525175   1
124   124  L2   4937 540016 544952   1
130   130  L2   4937 559795 564731   1
136   136  L2   4940 579595 584534   1
140   140  L2   4936 599345 604280   1
144   144  L2   4944 619106 624049   1

[[9]]$work
    start    end length          P
1   35057  39867   4811 2.65846370
2   54867  59607   4741 2.69235646
3   74607  79445   4839 2.69451945
4   94445  99247   4803 2.71379417
5  114247 119117   4871 2.66989499
6  134117 138955   4839 2.72692805
7  153955 158845   4891 2.68701932
8  173845 178625   4781 2.73789900
9  193625 198395   4771 2.74389796
10 213395 218175   4781 2.71991636
11 233175 237977   4803 2.75183359
12 252977 257805   4829 2.75704275
13 272805 277594   4790 2.75256813
14 292594 297366   4773 2.72628576
15 312366 317167   4802 2.78384331
16 332167 327141  -5025 0.07365302
17 342141 336925  -5215 0.33341905
18 351925 346928  -4996 0.54167790
19 361928 356765  -5162 0.16011223
20 371765 366736  -5028 0.11255067
21 381736 376647  -5088 0.18300979
22 391647 386619  -5027 0.13230808
23 401619 396417  -5201 0.24003590
24 411417 406395  -5021 0.19811731
25 421395 416195  -5199 0.27290642
26 431195 436025   4831 2.82852728
27 451025 455854   4830 2.69827027
28 470854 475619   4766 2.77155707
29 490619 495424   4806 2.72820213
30 510424 515235   4812 2.68753957
31 530235 535016   4782 2.64097477
32 550016 554795   4780 2.68646953
33 569795 574595   4801 2.66799152
34 589595 594345   4751 2.70358733
35 609345 614106   4762 2.72537486


[[10]]
[[10]]$baseline
[1] 0.999552

[[10]]$peaks
[1] 0.999552 3.381685

[[10]]$thresholds
[1] 2.580796

[[10]]$noise
[1] 12.23425

[[10]]$markers
    runid tag length  start    end Gen
6       6  L2   5060  23592  28651   1
10     10  L2   4963  38967  43929   1
14     14  L2   4930  54255  59184   1
18     18  L2   4943  69516  74458   1
22     22  L2   4946  84804  89749   1
26     26  L2   4936 100076 105011   1
30     30  L2   4937 115376 120312   1
34     34  L2   4941 130654 135594   1
40     40  L2   4942 145914 150855   1
44     44  L2   4945 161164 166108   1
48     48  L2   4957 176422 181378   1
52     52  L2   4936 191715 196650   1
56     56  L2   4937 206974 211910   1
62     62  L2   4947 222277 227223   1
66     66  L2   4936 237594 242529   1
70     70  L2   4941 252885 257825   1
74     74  L2   4941 268185 273125   1
78     78  L2   4937 283504 288440   1
84     84  L2   4921 298792 303712   1
88     88  L2   4946 314074 319019   1
94     94  L2   4911 329403 334313   1
100   100  L2   4908 344714 349621   1
104   104  L2   4918 359973 364890   1
108   108  L2   4941 375214 380154   1
116   116  L2   4937 390503 395439   1
120   120  L2   4953 405816 410768   1
126   126  L2   4943 421116 426058   1
132   132  L2   4938 436414 441351   1
138   138  L2   4942 451694 456635   1
142   142  L2   4944 466975 471918   1
146   146  L2   4935 482274 487208   1

[[10]]$work
    start    end length        P
1   33592  33967    376 1.628814
2   48967  49255    289 2.144661
3   64255  64516    262 2.162811
4   79516  79804    289 2.160779
5   94804  95076    273 2.236994
6  110076 110376    301 2.146685
7  125376 125654    279 2.312281
8  140654 140914    261 2.301397
9  155914 156164    251 2.512926
10 171164 171422    259 2.346347
11 186422 186715    294 2.225614
12 201715 201974    260 2.355544
13 216974 217277    304 2.207488
14 232277 232594    318 2.174779
15 247594 247885    292 2.320865
16 262885 263185    301 2.193518
17 278185 278504    320 2.160408
18 293504 293792    289 2.225566
19 308792 309074    283 2.241724
20 324074 324403    330 2.037739
21 339403 339714    312 2.123350
22 354714 354973    260 2.211894
23 369973 370214    242 2.313148
24 385214 385503    290 2.158291
25 400503 400816    314 2.157305
26 415816 416116    301 2.236270
27 431116 431414    299 2.218987
28 446414 446694    281 2.328217
29 461694 461975    282 2.425463
30 476975 477274    300 2.229654


[[11]]
[[11]]$baseline
[1] 1.01422

[[11]]$peaks
[1] 1.014220 3.434264

[[11]]$thresholds
[1] 2.611919

[[11]]$noise
[1] 63.91786

[[11]]$markers
    runid tag length  start    end Gen
2       2  L2   4957  23291  28247   1
8       8  L2   5007  39153  44159   1
12     12  L2   4965  55050  60014   1
16     16  L2   5012  70945  75956   1
20     20  L2   5086  86778  91863   1
24     24  L2   5086 102619 107704   1
28     28  L2   5045 118484 123528   1
32     32  L2   5138 134360 139497   1
36     36  L2   5000 150222 155221   1
40     40  L2   5097 166080 171176   1
44     44  L2   5003 182035 187037   1
48     48  L2   5001 197890 202890   1
54     54  L2   5017 213721 218737   1
58     58  L2   5089 229638 234726   1
62     62  L2   4990 245519 250508   1
66     66  L2   5105 261419 266523   1
70     70  L2   5090 277309 282398   2
74     74  L2   5238 293180 298417   1
78     78  L2   4985 309068 314052   1
84     84  L2   5040 324920 329959   1
90     90  L2   5017 340790 345806   1
94     94  L2   5001 356668 361668   1
98     98  L2   5028 372540 377567   1
102   102  L2   4948 388410 393357   1
106   106  L2   5103 404224 409326   1
110   110  L2   5032 420168 425199   2
114   114  L2   5152 436038 441189   1
118   118  L2   5036 451951 456986   1
124   124  L2   5049 467769 472817   1
128   128  L2   5011 483640 488650   1
134   134  L2   5092 499531 504622   1

[[11]]$work
    start    end length        P
1   33291  34153    863 3.457153
2   49153  50050    898 2.794819
3   65050  65945    896 2.934736
4   80945  81778    834 3.000273
5   96778  97619    842 2.857624
6  112619 113484    866 2.784355
7  128484 129360    877 2.792459
8  144360 145222    863 2.835937
9  160222 161080    859 2.858560
10 176080 177035    956 3.186291
11 192035 192890    856 2.862488
12 207890 208721    832 2.878910
13 223721 224638    918 2.754120
14 239638 240519    882 2.824642
15 255519 256419    901 2.900753
16 271419 272309    891 2.824012
17 287309 288180    872 2.853646
18 303180 304068    889 2.790042
19 319068 319920    853 2.828117
20 334920 335790    871 2.843870
21 350790 351668    879 2.795664
22 366668 367540    873 2.792649
23 382540 383410    871 2.895334
24 398410 399224    815 2.919638
25 414224 415168    945 3.007453
26 430168 431038    871 2.883237
27 446038 446951    914 2.833914
28 461951 462769    819 3.048321
29 477769 478640    872 2.885184
30 493640 494531    892 3.024851


