[[1]]
[[1]]$baseline
[1] 1.131667

[[1]]$peaks
[1] 1.131667 3.345827

[[1]]$thresholds
[1] 2.486885

[[1]]$noise
[1] 22.82121

[[1]]$markers
    runid tag length  start    end Gen
6       6  L2   4962  21854  26815   1
10     10  L2   4936  38197  43132   1
16     16  L2   5117  54364  59480   1
20     20  L2   4953  70857  75809   1
24     24  L2   4955  87157  92111   1
28     28  L2   4925 103514 108438   1
32     32  L2   4943 119867 124809   1
36     36  L2   4943 136216 141158   1
40     40  L2   4928 152565 157492   1
46     46  L2   4975 168877 173851   1
52     52  L2   4931 185226 190156   1
56     56  L2   4937 201556 206492   1
60     60  L2   4941 217896 222836   1
66     66  L2   4939 234224 239162   1
70     70  L2   4955 250536 255490   1
74     74  L2   4935 266876 271810   1
78     78  L2   4948 283176 288123   1
82     82  L2   4941 299515 304455   1
86     86  L2   4942 315825 320766   1
90     90  L2   4916 332196 337111   1
96     96  L2   4954 348515 353468   1
100   100  L2   4984 364834 369817   1
104   104  L2   4934 381205 386138   1
108   108  L2   4941 397475 402415   1
112   112  L2   4953 413815 418767   1
120   120  L2   4939 430144 435082   1
124   124  L2   4964 446475 451438   1
128   128  L2   4917 462836 467752   1
132   132  L2   4950 479163 484112   1
136   136  L2   4947 495507 500453   1
142   142  L2   4934 511871 516804   1

[[1]]$work
    start    end length        P
1   31854  33197   1344 2.092032
2   48197  49364   1168 2.197540
3   64364  65857   1494 1.925698
4   80857  82157   1301 2.091129
5   97157  98514   1358 2.062634
6  113514 114867   1354 2.105709
7  129867 131216   1350 2.186162
8  146216 147565   1350 2.087034
9  162565 163877   1313 2.105434
10 178877 180226   1350 2.130615
11 195226 196556   1331 2.089099
12 211556 212896   1341 2.112107
13 227896 229224   1329 2.157164
14 244224 245536   1313 2.142662
15 260536 261876   1341 2.109760
16 276876 278176   1301 2.162035
17 293176 294515   1340 2.290404
18 309515 310825   1311 2.314199
19 325825 327196   1372 2.090170
20 342196 343515   1320 2.172288
21 358515 359834   1320 2.181150
22 374834 376205   1372 2.093445
23 391205 392475   1271 2.155462
24 407475 408815   1341 2.103641
25 423815 425144   1330 2.178044
26 440144 441475   1332 2.109064
27 456475 457836   1362 2.103591
28 472836 474163   1328 2.192795
29 489163 490507   1345 2.304015
30 505507 506871   1365 2.131290


[[2]]
[[2]]$baseline
[1] 0.9446801

[[2]]$peaks
[1] 0.9446801 3.2985361

[[2]]$thresholds
[1] 2.52678

[[2]]$noise
[1] 61.74623

[[2]]$markers
   runid tag length  start    end Gen
2      2  L2   5088  21319  26406   1
4      4  L2   4966  46348  51313   1
8      8  L2   4955  71368  76322   1
10    10  L2   4923  96408 101330   1
14    14  L2   5027 121398 126424   1
16    16  L2   4933 146410 151342   1
20    20  L2   4938 171418 176355   1
22    22  L2   4943 196429 201371   1
26    26  L2   4997 221438 226434   1
30    30  L2   4947 246449 251395   1
34    34  L2   4947 271458 276404   1
38    38  L2   4939 296481 301419   1
40    40  L2   4962 321500 326461   1
44    44  L2   4921 346529 351449   1
46    46  L2   4942 371517 376458   1
50    50  L2   4935 396538 401472   1
52    52  L2   5004 421548 426551   1
54    54  L2   4928 446580 451507   1
58    58  L2   4943 471577 476519   1
60    60  L2   4945 496587 501531   1
64    64  L2   4984 521608 526591   1
66    66  L2   5002 546648 551649   1
70    70  L2   4961 571648 576608   1
74    74  L2   4937 596666 601602   1
76    76  L2   4919 621699 626617   1
78    78  L2   4925 646708 651632   1
80    80  L2   4951 671707 676657   1
82    82  L2   4944 696717 701660   1
86    86  L2   4939 721739 726677   1
90    90  L2   4972 746760 751731   1
92    92  L2   4975 771768 776742   1

[[2]]$work
    start    end length          P
1   31319  41348  10030 0.02737636
2   56348  66368  10021 0.02518029
3   81368  91408  10041 0.04642424
4  106408 116398   9991 0.10779286
5  131398 141410  10013 0.02020225
6  156410 166418  10009 0.12911930
7  181418 191429  10012 0.05924361
8  206429 216438  10010 0.05504650
9  231438 241449  10012 0.20895133
10 256449 266458  10010 0.08344590
11 281458 291481  10024 0.08788314
12 306481 316500  10020 0.05707225
13 331500 341529  10030 0.04780565
14 356529 366517   9989 0.01865058
15 381517 391538  10022 0.28738163
16 406538 416548  10011 0.10137474
17 431548 441580  10033 0.04228163
18 456580 466577   9998 0.06326037
19 481577 491587  10011 0.15959163
20 506587 516608  10022 0.14812369
21 531608 541648  10041 0.06480523
22 556648 566648  10001 0.03269596
23 581648 591666  10019 0.06418237
24 606666 616699  10034 0.04712534
25 631699 641708  10010 0.04785595
26 656708 666707  10000 0.02262025
27 681707 691717  10011 0.06444261
28 706717 716739  10023 0.17195089
29 731739 741760  10022 0.18236906
30 756760 766768  10009 0.06125512


[[3]]
[[3]]$baseline
[1] 0.9746188

[[3]]$peaks
[1] 0.9746188 3.3710475

[[3]]$thresholds
[1] 2.598006

[[3]]$noise
[1] 233.3596

[[3]]$markers
   runid tag length  start    end Gen
2      2  L2   5532  23614  29145   1
4      4  L2   4952  48593  53544   2
6      6  L2   5386  73594  78979   1
8      8  L2   5115  98757 103871   1
10    10  L2   5020 123601 128620   1
12    12  L2   4933 148614 153546   1
14    14  L2   4937 173612 178548   1
16    16  L2   4941 198613 203553   1
18    18  L2   4924 223632 228555   1
20    20  L2   5273 248623 253895   1
22    22  L2   4987 273633 278619   2
24    24  L2   5244 298633 303876   1
26    26  L2   5878 323653 329530   2
28    28  L2   5133 348641 353773   2
30    30  L2   5541 373653 379193   1
32    32  L2   4935 398663 403597   2
34    34  L2   6776 423662 430437   1
36    36  L2   5215 448672 453886   2
38    38  L2   5384 473671 479054   1
40    40  L2   5090 498682 503771   1
42    42  L2   5034 523683 528716   1
44    44  L2   4996 548693 553688   1
46    46  L2   4977 573692 578668   1
48    48  L2   5645 598692 604336   1
50    50  L2   4930 623710 628639   2
52    52  L2   5126 648702 653827   1
54    54  L2   5137 673711 678847   2
56    56  L2   5978 698722 704699   1
58    58  L2   5094 723720 728813   2
60    60  L2   5928 748733 754660   1
62    62  L2   5450 773721 779170   2

[[3]]$work
    start    end length          P
1   33614  43593   9980 0.04084536
2   58593  68594  10002 0.06166032
3   83594  93757  10164 0.09186481
4  108757 118601   9845 0.07756169
5  133601 143614  10014 0.05144568
6  158614 168612   9999 0.41547404
7  183612 193613  10002 0.07286097
8  208613 218632  10020 0.07827865
9  233632 243623   9992 0.07559267
10 258623 268633  10011 0.06443621
11 283633 293633  10001 0.06635464
12 308633 318653  10021 0.03853838
13 333653 343641   9989 0.04623777
14 358641 368653  10013 0.15050466
15 383653 393663  10011 0.09900739
16 408663 418662  10000 0.03418546
17 433662 443672  10011 0.04103302
18 458672 468671  10000 0.29683274
19 483671 493682  10012 0.06515595
20 508682 518683  10002 0.07974120
21 533683 543693  10011 0.04447459
22 558693 568692  10000 0.07197534
23 583692 593692  10001 0.25746892
24 608692 618710  10019 0.03210951
25 633710 643702   9993 0.02933677
26 658702 668711  10010 0.07145884
27 683711 693722  10012 0.07889247
28 708722 718720   9999 0.02553598
29 733720 743733  10014 0.03609889
30 758733 768721   9989 0.08098013


[[4]]
[[4]]$baseline
[1] 1.165482

[[4]]$peaks
[1] 1.165482 3.416345

[[4]]$thresholds
[1] 2.56969

[[4]]$noise
[1] 14.29432

[[4]]$markers
    runid tag length  start    end Gen
10     10  L2   4961  23144  28104   1
14     14  L2   4940  39465  44404   1
18     18  L2   4942  55794  60735   1
24     24  L2   4939  72094  77032   1
28     28  L2   4940  88405  93344   1
34     34  L2   4942 104725 109666   1
42     42  L2   4957 121044 126000   1
46     46  L2   4941 137315 142255   1
50     50  L2   4941 153585 158525   1
56     56  L2   4931 169906 174836   1
62     62  L2   4937 186233 191169   1
66     66  L2   4957 202546 207502   1
70     70  L2   4938 218856 223793   1
74     74  L2   4936 235174 240109   1
78     78  L2   4946 251484 256429   1
82     82  L2   4936 267804 272739   1
86     86  L2   4942 284095 289036   1
90     90  L2   4904 300416 305319   1
96     96  L2   4945 316704 321648   1
100   100  L2   4947 333076 338022   1
104   104  L2   4942 349424 354365   1
110   110  L2   4941 365733 370673   1
114   114  L2   4940 382045 386984   1
118   118  L2   4935 398339 403273   1
124   124  L2   4917 414686 419602   1
128   128  L2   4987 430942 435928   1
132   132  L2   4927 447316 452242   1
138   138  L2   5009 463548 468556   1
146   146  L2   4947 479923 484869   1
150   150  L2   4944 496266 501209   1
156   156  L2   4944 512524 517467   1

[[4]]$work
    start    end length        P
1   33144  34465   1322 2.099680
2   49465  50794   1330 2.169938
3   65794  67094   1301 2.113771
4   82094  83405   1312 2.121720
5   98405  99725   1321 2.102192
6  114725 116044   1320 2.128715
7  131044 132315   1272 2.326079
8  147315 148585   1271 2.329360
9  163585 164906   1322 2.138555
10 179906 181233   1328 2.188511
11 196233 197546   1314 2.129112
12 212546 213856   1311 2.178453
13 228856 230174   1319 2.137693
14 245174 246484   1311 2.217502
15 261484 262804   1321 2.167304
16 277804 279095   1292 2.133346
17 294095 295416   1322 2.118793
18 310416 311704   1289 2.224082
19 326704 328076   1373 2.208811
20 343076 344424   1349 2.107825
21 359424 360733   1310 2.216378
22 375733 377045   1313 2.202882
23 392045 393339   1295 2.151423
24 408339 409686   1348 2.218671
25 424686 425942   1257 2.200624
26 440942 442316   1375 2.055049
27 457316 458548   1233 2.225321
28 473548 474923   1376 2.044682
29 489923 491266   1344 2.208396
30 506266 507524   1259 2.314835


[[5]]
[[5]]$baseline
[1] 1.203246

[[5]]$peaks
[1] 1.203246 3.451089

[[5]]$thresholds
[1] 2.623883

[[5]]$noise
[1] 22.6088

[[5]]$markers
    runid tag length  start    end Gen
6       6  L2   4941  22300  27240   1
10     10  L2   4917  37732  42648   1
14     14  L2   4948  53122  58069   1
18     18  L2   4947  68553  73499   1
22     22  L2   4916  84003  88918   1
26     26  L2   4944  99392 104335   1
30     30  L2   4936 114842 119777   1
34     34  L2   4982 130216 135197   1
38     38  L2   4934 145669 150602   1
42     42  L2   4938 161074 166011   1
48     48  L2   5000 176421 181420   1
54     54  L2   4940 191900 196839   1
58     58  L2   4952 207311 212262   1
62     62  L2   4940 222743 227682   1
68     68  L2   4934 238163 243096   1
72     72  L2   4944 253581 258524   1
78     78  L2   4960 269022 273981   1
82     82  L2   4942 284451 289392   1
88     88  L2   4957 299850 304806   1
94     94  L2   4943 315271 320213   1
98     98  L2   4941 330680 335620   1
102   102  L2   4949 346093 351041   1
106   106  L2   4947 361610 366556   1
110   110  L2   4936 377093 382028   1
116   116  L2   4944 392461 397404   1
120   120  L2   4936 407891 412826   1
126   126  L2   4941 423313 428253   1
130   130  L2   4934 438742 443675   1
134   134  L2   4978 454171 459148   1
142   142  L2   4942 469590 474531   1
148   148  L2   4952 485001 489952   1

[[5]]$work
    start    end length        P
1   32300  32732    433 1.860697
2   47732  48122    391 1.935148
3   63122  63553    432 1.829349
4   78553  79003    451 1.750430
5   94003  94392    390 1.938995
6  109392 109842    451 1.693434
7  124842 125216    375 2.047168
8  140216 140669    454 1.702899
9  155669 156074    406 1.888220
10 171074 171421    348 2.153010
11 186421 186900    480 1.658788
12 201900 202311    412 1.944373
13 217311 217743    433 1.852183
14 232743 233163    421 1.872341
15 248163 248581    419 1.970060
16 263581 264022    442 1.780026
17 279022 279451    430 1.856799
18 294451 294850    400 1.923589
19 309850 310271    422 1.858382
20 325271 325680    410 1.918925
21 340680 341093    414 1.904029
22 356093 356610    518 1.957548
23 371610 372093    484 2.123620
24 387093 387461    369 1.906533
25 402461 402891    431 1.941545
26 417891 418313    423 1.929155
27 433313 433742    430 1.939076
28 448742 449171    430 1.964339
29 464171 464590    420 1.904896
30 479590 480001    412 1.903024


[[6]]
[[6]]$baseline
[1] 1.154431

[[6]]$peaks
[1] 1.154431 3.520036

[[6]]$thresholds
[1] 2.610188

[[6]]$noise
[1] 16.27083

[[6]]$markers
    runid tag length  start    end Gen
8       8  L2   4944  21251  26194   1
12     12  L2   4956  37420  42375   1
18     18  L2   4938  53594  58531   1
22     22  L2   4948  69712  74659   1
28     28  L2   4937  85842  90778   1
32     32  L2   4908 102004 106911   1
36     36  L2   4942 118092 123033   1
40     40  L2   4937 134233 139169   1
44     44  L2   4949 150384 155332   1
48     48  L2   4926 166542 171467   1
52     52  L2   4941 182642 187582   1
58     58  L2   4945 198761 203705   1
62     62  L2   4942 214881 219822   1
68     68  L2   4932 231003 235934   1
72     72  L2   4936 247122 252057   1
76     76  L2   4938 263332 268269   1
80     80  L2   4936 279452 284387   1
84     84  L2   4940 295573 300512   1
90     90  L2   4948 311681 316628   1
98     98  L2   4939 327873 332811   1
104   104  L2   4942 344011 348952   1
108   108  L2   4926 360171 365096   1
112   112  L2   4936 376284 381219   1
118   118  L2   4904 392442 397345   1
122   122  L2   4931 408511 413441   1
128   128  L2   4959 424599 429557   1
134   134  L2   4936 440761 445696   1
138   138  L2   4925 456871 461795   1
142   142  L2   4940 472962 477901   1
148   148  L2   4946 489074 494019   1
154   154  L2   4953 505203 510155   1

[[6]]$work
    start    end length        P
1   31251  32420   1170 2.816806
2   47420  48594   1175 2.653274
3   63594  64712   1119 2.727908
4   79712  80842   1131 2.682858
5   95842  97004   1163 2.645552
6  112004 113092   1089 2.719278
7  128092 129233   1142 2.651169
8  144233 145384   1152 2.685960
9  160384 161542   1159 2.610726
10 176542 177642   1101 2.698913
11 192642 193761   1120 2.728255
12 208761 209881   1121 2.691399
13 224881 226003   1123 2.698792
14 241003 242122   1120 2.717238
15 257122 258332   1211 2.878937
16 273332 274452   1121 2.722919
17 289452 290573   1122 2.719779
18 305573 306681   1109 2.745063
19 321681 322873   1193 2.892225
20 337873 339011   1139 2.687734
21 354011 355171   1161 2.629174
22 370171 371284   1114 2.714244
23 386284 387442   1159 2.705636
24 402442 403511   1070 2.801115
25 418511 419599   1089 2.775711
26 434599 435761   1163 2.646141
27 450761 451871   1111 2.697046
28 466871 467962   1092 2.698321
29 482962 484074   1113 2.745715
30 499074 500203   1130 2.724231


[[7]]
[[7]]$baseline
[1] 1.179044

[[7]]$peaks
[1] 1.179044 3.610336

[[7]]$thresholds
[1] 2.475733

[[7]]$noise
[1] 41.88384

[[7]]$markers
    runid tag length  start    end Gen
10     10  L2   4912  49998  54909   1
14     14  L2   4942  77030  81971   1
18     18  L2   4938 104139 109076   1
26     26  L2   5006 131209 136214   1
30     30  L2   4968 158360 163327   1
34     34  L2   5044 185470 190513   1
40     40  L2   4943 212540 217482   1
46     46  L2   4966 239760 244725   1
50     50  L2   5200 266902 272101   1
56     56  L2   4914 294110 299023   1
60     60  L2   4953 321150 326102   1
64     64  L2   5088 348290 353377   1
68     68  L2   4989 375389 380377   1
74     74  L2   4976 402500 407475   1
78     78  L2   4965 429430 434394   1
86     86  L2   4965 456310 461274   1
90     90  L2   4945 483249 488193   1
94     94  L2   5183 510140 515322   1
100   100  L2   4999 536981 541979   1
104   104  L2   5063 563879 568941   1
110   110  L2   5015 590790 595804   1
114   114  L2   4977 617661 622637   1
118   118  L2   4955 644491 649445   1
122   122  L2   4921 671300 676220   1
128   128  L2   5011 698090 703100   1
132   132  L2   5030 724981 730010   1
136   136  L2   5029 751930 756958   1
140   140  L2   5180 778900 784079   1
144   144  L2   4950 805770 810719   1
150   150  L2   4961 832610 837570   1
154   154  L2   4985 859541 864525   1

[[7]]$work
    start    end length        P
1   59998  72030  12033 2.419319
2   87030  99139  12110 2.391380
3  114139 126209  12071 2.466095
4  141209 153360  12152 2.437638
5  168360 180470  12111 2.487199
6  195470 207540  12071 2.481875
7  222540 234760  12221 2.488757
8  249760 261902  12143 2.472553
9  276902 289110  12209 2.465604
10 304110 316150  12041 2.461149
11 331150 343290  12141 2.464180
12 358290 370389  12100 2.498262
13 385389 397500  12112 2.579630
14 412500 424430  11931 2.490287
15 439430 451310  11881 2.456080
16 466310 478249  11940 2.446728
17 493249 505140  11892 2.488230
18 520140 531981  11842 2.470257
19 546981 558879  11899 2.503513
20 573879 585790  11912 2.531959
21 600790 612661  11872 2.507819
22 627661 639491  11831 2.487986
23 654491 666300  11810 2.543623
24 681300 693090  11791 2.599897
25 708090 719981  11892 2.457197
26 734981 746930  11950 2.512541
27 761930 773900  11971 2.491151
28 788900 800770  11871 2.500186
29 815770 827610  11841 2.551274
30 842610 854541  11932 2.530077


[[8]]
[[8]]$baseline
[1] 1.169722

[[8]]$peaks
[1] 1.169722 3.483149

[[8]]$thresholds
[1] 2.509075

[[8]]$noise
[1] 39.02206

[[8]]$markers
    runid tag length  start    end Gen
6       6  L2   4944  22208  27151   1
10     10  L2   4978  38985  43962   1
16     16  L2   5026  55868  60893   1
20     20  L2   4972  72636  77607   1
26     26  L2   4977  89423  94399   1
30     30  L2   4992 106287 111278   1
34     34  L2   4943 123156 128098   1
38     38  L2   4952 139946 144897   1
42     42  L2   5138 156796 161933   1
46     46  L2   4971 173586 178556   1
50     50  L2   5019 190396 195414   1
54     54  L2   4936 207256 212191   1
62     62  L2   4966 224084 229049   1
66     66  L2   4924 240905 245828   1
70     70  L2   5136 257708 262843   1
74     74  L2   4941 274518 279458   1
78     78  L2   4954 291326 296279   1
82     82  L2   5179 308157 313335   1
88     88  L2   4985 324956 329940   1
94     94  L2   4941 341736 346676   1
98     98  L2   4946 358565 363510   1
102   102  L2   4961 375406 380366   1
106   106  L2   4917 392245 397161   1
112   112  L2   5009 409068 414076   1
116   116  L2   4977 425916 430892   1
122   122  L2   4939 442725 447663   1
126   126  L2   4955 459565 464519   1
130   130  L2   5126 476408 481533   1
134   134  L2   4911 493235 498145   2
138   138  L2   5106 509997 515102   1
142   142  L2   4974 526866 531839   2

[[8]]$work
    start    end length        P
1   32208  33985   1778 2.405201
2   48985  50868   1884 2.265973
3   65868  67636   1769 2.311055
4   82636  84423   1788 2.348082
5   99423 101287   1865 2.223948
6  116287 118156   1870 2.294822
7  133156 134946   1791 2.333811
8  149946 151796   1851 2.301040
9  166796 168586   1791 2.327369
10 183586 185396   1811 2.316241
11 200396 202256   1861 2.394401
12 217256 219084   1829 2.263600
13 234084 235905   1822 2.304754
14 250905 252708   1804 2.322727
15 267708 269518   1811 2.293552
16 284518 286326   1809 2.359755
17 301326 303157   1832 2.327080
18 318157 319956   1800 2.318870
19 334956 336736   1781 2.317583
20 351736 353565   1830 2.391047
21 368565 370406   1842 2.291319
22 385406 387245   1840 2.302449
23 402245 404068   1824 2.247882
24 419068 420916   1849 2.285542
25 435916 437725   1810 2.320413
26 452725 454565   1841 2.391721
27 469565 471408   1844 2.290478
28 486408 488235   1828 2.328419
29 503235 504997   1763 2.456692
30 519997 521866   1870 2.299803


[[9]]
[[9]]$baseline
[1] 1.168913

[[9]]$peaks
[1] 1.168913 3.643175

[[9]]$thresholds
[1] 2.522755

[[9]]$noise
[1] 31.45323

[[9]]$markers
    runid tag length  start    end Gen
6       6  L2   5040  25055  30094   1
10     10  L2   4932  44866  49797   1
16     16  L2   5046  64607  69652   1
20     20  L2   4998  84445  89442   1
24     24  L2   4983 104246 109228   1
28     28  L2   4954 124117 129070   1
34     34  L2   4975 143955 148929   1
38     38  L2   4922 163845 168766   1
44     44  L2   4958 183625 188582   1
48     48  L2   4943 203395 208337   1
52     52  L2   4944 223175 228118   1
56     56  L2   4944 242977 247920   1
62     62  L2   4953 262805 267757   1
66     66  L2   4956 282593 287548   1
72     72  L2   4993 302366 307358   1
78     78  L2   4960 322166 327125   1
80     80  L2   4810 332141 336950   2
82     82  L2   4943 341925 346867   1
86     86  L2   4769 351928 356696   1
88     88  L2   4918 361765 366682   1
90     90  L2   4945 371735 376679   2
92     92  L2   4935 381647 386581   1
94     94  L2   4787 391619 396405   1
96     96  L2   4989 401417 406405   1
98     98  L2   4794 411395 416188   2
100   100  L2   4938 421195 426132   1
104   104  L2   4972 441025 445996   1
108   108  L2   4939 460854 465792   1
112   112  L2   4932 480619 485550   1
116   116  L2   4934 500424 505357   1
120   120  L2   4941 520235 525175   1
124   124  L2   4938 540015 544952   1
130   130  L2   4938 559794 564731   1
136   136  L2   4940 579595 584534   1
140   140  L2   4936 599345 604280   1
144   144  L2   4944 619106 624049   1

[[9]]$work
    start    end length          P
1   35055  39866   4812 2.59591691
2   54866  59607   4742 2.62949073
3   74607  79445   4839 2.63219933
4   94445  99246   4802 2.65187431
5  114246 119117   4872 2.60703812
6  134117 138955   4839 2.66460793
7  153955 158845   4891 2.62469921
8  173845 178625   4781 2.67557888
9  193625 198395   4771 2.68157784
10 213395 218175   4781 2.65759624
11 233175 237977   4803 2.68951348
12 252977 257805   4829 2.69472263
13 272805 277593   4789 2.69065690
14 292593 297366   4774 2.66339456
15 312366 317166   4801 2.72193164
16 332166 327141  -5024 0.01089479
17 342141 336925  -5215 0.27109894
18 351925 346928  -4996 0.47935778
19 361928 356765  -5162 0.09779211
20 371765 366735  -5029 0.05038738
21 381735 376647  -5087 0.12009375
22 391647 386619  -5027 0.06998796
23 401619 396417  -5201 0.17771578
24 411417 406395  -5021 0.13579719
25 421395 416195  -5199 0.21058630
26 431195 436025   4831 2.76620717
27 451025 455854   4830 2.63595015
28 470854 475619   4766 2.70923695
29 490619 495424   4806 2.66588201
30 510424 515235   4812 2.62521945
31 530235 535015   4781 2.57903452
32 550015 554794   4780 2.62393172
33 569794 574595   4802 2.60527449
34 589595 594345   4751 2.64126722
35 609345 614106   4762 2.66305474


[[10]]
[[10]]$baseline
[1] 1.103324

[[10]]$peaks
[1] 1.103324 3.387547

[[10]]$thresholds
[1] 2.544823

[[10]]$noise
[1] 12.03511

[[10]]$markers
    runid tag length  start    end Gen
6       6  L2   5060  23592  28651   1
10     10  L2   4963  38967  43929   1
14     14  L2   4930  54255  59184   1
18     18  L2   4943  69516  74458   1
22     22  L2   4946  84804  89749   1
26     26  L2   4938 100074 105011   1
30     30  L2   4937 115376 120312   1
34     34  L2   4941 130654 135594   1
40     40  L2   4942 145914 150855   1
44     44  L2   4945 161164 166108   1
48     48  L2   4957 176422 181378   1
52     52  L2   4936 191715 196650   1
56     56  L2   4937 206974 211910   1
62     62  L2   4947 222277 227223   1
66     66  L2   4936 237594 242529   1
70     70  L2   4941 252885 257825   1
74     74  L2   4941 268185 273125   1
78     78  L2   4937 283504 288440   1
84     84  L2   4921 298792 303712   1
88     88  L2   4946 314074 319019   1
94     94  L2   4911 329403 334313   1
100   100  L2   4908 344714 349621   1
104   104  L2   4930 359973 364902   1
108   108  L2   4941 375214 380154   1
116   116  L2   4937 390503 395439   1
120   120  L2   4953 405816 410768   1
126   126  L2   4943 421116 426058   1
132   132  L2   4938 436414 441351   1
138   138  L2   4942 451694 456635   1
142   142  L2   4944 466975 471918   1
146   146  L2   4935 482274 487208   1

[[10]]$work
    start    end length        P
1   33592  33967    376 1.525042
2   48967  49255    289 2.040890
3   64255  64516    262 2.059040
4   79516  79804    289 2.057007
5   94804  95074    271 2.144260
6  110074 110376    303 2.030413
7  125376 125654    279 2.208510
8  140654 140914    261 2.197625
9  155914 156164    251 2.409154
10 171164 171422    259 2.242575
11 186422 186715    294 2.121842
12 201715 201974    260 2.251773
13 216974 217277    304 2.103717
14 232277 232594    318 2.071007
15 247594 247885    292 2.217093
16 262885 263185    301 2.089747
17 278185 278504    320 2.056636
18 293504 293792    289 2.121795
19 308792 309074    283 2.137953
20 324074 324403    330 1.933967
21 339403 339714    312 2.019578
22 354714 354973    260 2.108122
23 369973 370214    242 2.209376
24 385214 385503    290 2.054519
25 400503 400816    314 2.053534
26 415816 416116    301 2.132498
27 431116 431414    299 2.115215
28 446414 446694    281 2.224445
29 461694 461975    282 2.321692
30 476975 477274    300 2.125883


[[11]]
[[11]]$baseline
[1] 1.13914

[[11]]$peaks
[1] 1.13914 3.44206

[[11]]$thresholds
[1] 2.581629

[[11]]$noise
[1] 63.6033

[[11]]$markers
    runid tag length  start    end Gen
2       2  L2   4957  23291  28247   2
8       8  L2   5125  39153  44277   1
12     12  L2   5048  55050  60097   1
16     16  L2   5014  70943  75956   1
20     20  L2   5086  86778  91863   1
24     24  L2   5086 102619 107704   1
28     28  L2   5046 118483 123528   1
32     32  L2   5144 134354 139497   1
36     36  L2   5000 150222 155221   1
40     40  L2   5099 166078 171176   1
44     44  L2   5003 182035 187037   1
48     48  L2   5001 197890 202890   1
54     54  L2   5017 213721 218737   1
58     58  L2   5149 229638 234786   1
62     62  L2   4990 245519 250508   2
66     66  L2   5105 261419 266523   1
70     70  L2   5090 277309 282398   2
74     74  L2   5238 293180 298417   1
78     78  L2   5013 309068 314080   1
84     84  L2   5040 324920 329959   1
90     90  L2   5017 340790 345806   1
94     94  L2   5001 356668 361668   1
98     98  L2   5037 372540 377576   1
102   102  L2   4948 388410 393357   1
106   106  L2   5103 404224 409326   1
110   110  L2   5032 420168 425199   2
114   114  L2   5152 436038 441189   1
118   118  L2   5036 451951 456986   1
124   124  L2   5049 467769 472817   1
128   128  L2   5011 483640 488650   1
134   134  L2   5092 499531 504622   1

[[11]]$work
    start    end length        P
1   33291  34153    863 3.332232
2   49153  50050    898 2.669899
3   65050  65943    894 2.812420
4   80943  81778    836 2.868693
5   96778  97619    842 2.732703
6  112619 113483    865 2.659566
7  128483 129354    872 2.656285
8  144354 145222    869 2.690604
9  160222 161078    857 2.735805
10 176078 177035    958 3.056223
11 192035 192890    856 2.737567
12 207890 208721    832 2.753990
13 223721 224638    918 2.629200
14 239638 240519    882 2.699722
15 255519 256419    901 2.775833
16 271419 272309    891 2.699092
17 287309 288180    872 2.728726
18 303180 304068    889 2.665122
19 319068 319920    853 2.703197
20 334920 335790    871 2.718950
21 350790 351668    879 2.670744
22 366668 367540    873 2.667728
23 382540 383410    871 2.770414
24 398410 399224    815 2.794718
25 414224 415168    945 2.882533
26 430168 431038    871 2.758317
27 446038 446951    914 2.708993
28 461951 462769    819 2.923401
29 477769 478640    872 2.760263
30 493640 494531    892 2.899931


