[[1]]
[[1]]$baseline
[1] 1.238435

[[1]]$peaks
[1] 1.238435 3.259804

[[1]]$thresholds
[1] 2.550174

[[1]]$noise
[1] 22.34742

[[1]]$markers
    runid tag length  start    end Gen
6       6  L2   4962  21854  26815   1
10     10  L2   4936  38197  43132   1
18     18  L2   5016  54465  59480   1
22     22  L2   4953  70857  75809   1
26     26  L2   4955  87157  92111   1
30     30  L2   4925 103514 108438   1
34     34  L2   4943 119867 124809   1
38     38  L2   4940 136218 141157   1
42     42  L2   4926 152567 157492   1
48     48  L2   4975 168877 173851   1
54     54  L2   4930 185227 190156   1
58     58  L2   4935 201557 206491   1
62     62  L2   4941 217896 222836   1
68     68  L2   4939 234224 239162   1
72     72  L2   4955 250536 255490   1
76     76  L2   4935 266876 271810   1
80     80  L2   4948 283176 288123   1
84     84  L2   4941 299515 304455   1
88     88  L2   4940 315827 320766   1
92     92  L2   4916 332196 337111   1
98     98  L2   4954 348515 353468   1
102   102  L2   4984 364834 369817   1
106   106  L2   4934 381205 386138   1
110   110  L2   4940 397476 402415   1
114   114  L2   4950 413818 418767   1
122   122  L2   4939 430144 435082   1
126   126  L2   4963 446476 451438   1
130   130  L2   4917 462836 467752   1
134   134  L2   4950 479163 484112   1
138   138  L2   4947 495507 500453   1
144   144  L2   4934 511871 516804   1

[[1]]$work
    start    end length        P
1   31854  33197   1344 1.985264
2   48197  49465   1269 2.094941
3   64465  65857   1393 1.958040
4   80857  82157   1301 1.984361
5   97157  98514   1358 1.955866
6  113514 114867   1354 1.998940
7  129867 131218   1352 2.077130
8  146218 147567   1350 1.980883
9  162567 163877   1311 1.998826
10 178877 180227   1351 2.022734
11 195227 196557   1331 1.982896
12 211557 212896   1340 2.005667
13 227896 229224   1329 2.050395
14 244224 245536   1313 2.035893
15 260536 261876   1341 2.002992
16 276876 278176   1301 2.055267
17 293176 294515   1340 2.183636
18 309515 310827   1313 2.205012
19 325827 327196   1370 1.986481
20 342196 343515   1320 2.065519
21 358515 359834   1320 2.074381
22 374834 376205   1372 1.986676
23 391205 392476   1272 2.047560
24 407476 408818   1343 1.995462
25 423818 425144   1327 2.072270
26 440144 441476   1333 2.001264
27 456476 457836   1361 1.998293
28 472836 474163   1328 2.086027
29 489163 490507   1345 2.197246
30 505507 506871   1365 2.024522


[[2]]
[[2]]$baseline
[1] 0.9785581

[[2]]$peaks
[1] 0.9785581 3.3201789

[[2]]$thresholds
[1] 2.478017

[[2]]$noise
[1] 62.29421

[[2]]$markers
   runid tag length  start    end Gen
2      2  L2   5088  21319  26406   1
4      4  L2   4966  46348  51313   1
6      6  L2   5054  71368  76421   1
8      8  L2   4923  96408 101330   1
12    12  L2   5027 121398 126424   1
14    14  L2   4935 146408 151342   1
18    18  L2   4938 171418 176355   1
20    20  L2   4944 196428 201371   1
24    24  L2   4997 221438 226434   1
28    28  L2   4947 246449 251395   1
32    32  L2   4947 271458 276404   1
36    36  L2   4939 296481 301419   1
38    38  L2   4962 321500 326461   1
42    42  L2   4921 346529 351449   1
44    44  L2   4942 371517 376458   1
48    48  L2   4935 396538 401472   1
50    50  L2   5004 421548 426551   1
52    52  L2   4929 446579 451507   1
56    56  L2   4943 471577 476519   1
58    58  L2   4945 496587 501531   1
62    62  L2   4984 521608 526591   1
64    64  L2   5002 546648 551649   1
68    68  L2   4962 571647 576608   1
72    72  L2   4937 596666 601602   1
74    74  L2   4920 621698 626617   1
76    76  L2   5038 646708 651745   1
78    78  L2   4951 671707 676657   1
80    80  L2   4944 696717 701660   1
84    84  L2   4940 721738 726677   1
88    88  L2   4972 746760 751731   1
90    90  L2   4976 771767 776742   1

[[2]]$work
    start    end length            P
1   31319  41348  10030 -0.006501653
2   56348  66368  10021 -0.008697717
3   81368  91408  10041  0.012546234
4  106408 116398   9991  0.073914855
5  131398 141408  10011 -0.013665069
6  156408 166418  10011  0.095218744
7  181418 191428  10011  0.025379937
8  206428 216438  10011  0.021183783
9  231438 241449  10012  0.175073317
10 256449 266458  10010  0.049567888
11 281458 291481  10024  0.054005126
12 306481 316500  10020  0.023194236
13 331500 341529  10030  0.013927639
14 356529 366517   9989 -0.015227433
15 381517 391538  10022  0.253503617
16 406538 416548  10011  0.067496735
17 431548 441579  10032  0.008422502
18 456579 466577   9999  0.029378525
19 481577 491587  10011  0.125713620
20 506587 516608  10022  0.114245678
21 531608 541648  10041  0.030927219
22 556648 566647  10000 -0.001168241
23 581647 591666  10020  0.030292708
24 606666 616698  10033  0.013259240
25 631698 641708  10011  0.013996525
26 656708 666707  10000 -0.011257764
27 681707 691717  10011  0.030564603
28 706717 716738  10022  0.138086231
29 731738 741760  10023  0.148491573
30 756760 766767  10008  0.027395748


[[3]]
[[3]]$baseline
[1] 1.012442

[[3]]$peaks
[1] 1.012442 3.391204

[[3]]$thresholds
[1] 2.563809

[[3]]$noise
[1] 61.36347

[[3]]$markers
   runid tag length  start    end Gen
2      2  L2   4987  23614  28600   1
6      6  L2   4953  48592  53544   1
10    10  L2   4939  73594  78532   1
12    12  L2   4954  98582 103535   1
16    16  L2   4941 123601 128541   1
18    18  L2   4934 148613 153546   1
20    20  L2   4937 173612 178548   1
24    24  L2   4942 198612 203553   1
26    26  L2   4924 223632 228555   1
30    30  L2   4991 248622 253612   1
32    32  L2   4988 273632 278619   1
36    36  L2   4997 298632 303628   1
38    38  L2   4936 323653 328588   1
40    40  L2   5003 348641 353643   1
44    44  L2   4948 373652 378599   1
46    46  L2   4935 398663 403597   1
48    48  L2   4941 423661 428601   1
50    50  L2   5057 448672 453728   1
54    54  L2   5092 473671 478762   1
56    56  L2   4936 498681 503616   1
58    58  L2   4942 523681 528622   1
60    60  L2   5004 548693 553696   1
62    62  L2   4977 573692 578668   1
66    66  L2   4947 598692 603638   1
68    68  L2   4930 623710 628639   1
72    72  L2   4941 648702 653642   1
74    74  L2   4935 673711 678645   1
76    76  L2   5037 698722 703758   1
78    78  L2   4932 723720 728651   1
80    80  L2   4938 748732 753669   1
84    84  L2   5054 773721 778774   1

[[3]]$work
    start    end length             P
1   33614  43592   9979  0.0029973744
2   58592  68594  10003  0.0238313523
3   83594  93582   9989  0.0554051481
4  108582 118601  10020  0.0388345307
5  133601 143613  10013  0.0136392044
6  158613 168612  10000  0.3776900682
7  183612 193612  10001  0.0349894502
8  208612 218632  10021  0.0404646090
9  233632 243622   9991  0.0377891746
10 258622 268632  10011  0.0266297703
11 283632 293632  10001  0.0284941170
12 308632 318653  10022  0.0007338475
13 333653 343641   9989  0.0084150174
14 358641 368652  10012  0.1126601779
15 383652 393663  10012  0.0611797201
16 408663 418661   9999 -0.0036325116
17 433661 443672  10012  0.0032423920
18 458672 468671  10000  0.2590099870
19 483671 493681  10011  0.0273351220
20 508681 518681  10001  0.0419262564
21 533681 543693  10013  0.0066208639
22 558693 568692  10000  0.0341525844
23 583692 593692  10001  0.2196461615
24 608692 618710  10019 -0.0057132474
25 633710 643702   9993 -0.0084859857
26 658702 668711  10010  0.0336360778
27 683711 693722  10012  0.0410697129
28 708722 718720   9999 -0.0122867729
29 733720 743732  10013 -0.0017062803
30 758732 768721   9990  0.0431281683


[[4]]
[[4]]$baseline
[1] 1.288036

[[4]]$peaks
[1] 1.288036 3.344457

[[4]]$thresholds
[1] 2.628176

[[4]]$noise
[1] 14.36744

[[4]]$markers
    runid tag length  start    end Gen
10     10  L2   4961  23144  28104   1
14     14  L2   4938  39467  44404   1
18     18  L2   4942  55794  60735   1
24     24  L2   4939  72094  77032   1
28     28  L2   4939  88406  93344   1
34     34  L2   4942 104725 109666   1
42     42  L2   4956 121045 126000   1
46     46  L2   4941 137315 142255   1
50     50  L2   4941 153585 158525   1
56     56  L2   4930 169907 174836   1
62     62  L2   4937 186233 191169   1
66     66  L2   4957 202546 207502   1
70     70  L2   4938 218856 223793   1
74     74  L2   4936 235174 240109   1
78     78  L2   4946 251484 256429   1
82     82  L2   4936 267804 272739   1
86     86  L2   4941 284096 289036   1
90     90  L2   4904 300416 305319   1
96     96  L2   4945 316704 321648   1
100   100  L2   4947 333076 338022   1
104   104  L2   4942 349424 354365   1
110   110  L2   4940 365734 370673   1
114   114  L2   4940 382045 386984   1
118   118  L2   4933 398341 403273   1
124   124  L2   4917 414686 419602   1
128   128  L2   4987 430942 435928   1
132   132  L2   4927 447316 452242   1
138   138  L2   5009 463548 468556   1
146   146  L2   4947 479923 484869   1
150   150  L2   4944 496266 501209   1
156   156  L2   4944 512524 517467   1

[[4]]$work
    start    end length        P
1   33144  34467   1324 1.974988
2   49467  50794   1328 2.048374
3   65794  67094   1301 1.991218
4   82094  83406   1313 1.998005
5   98406  99725   1320 1.980250
6  114725 116045   1321 2.005078
7  131045 132315   1271 2.203764
8  147315 148585   1271 2.206806
9  163585 164907   1323 2.014936
10 179907 181233   1327 2.067594
11 196233 197546   1314 2.006558
12 212546 213856   1311 2.055900
13 228856 230174   1319 2.015139
14 245174 246484   1311 2.094949
15 261484 262804   1321 2.044751
16 277804 279096   1293 2.009634
17 294096 295416   1321 1.996399
18 310416 311704   1289 2.101528
19 326704 328076   1373 2.086257
20 343076 344424   1349 1.985272
21 359424 360734   1311 2.092609
22 375734 377045   1312 2.081405
23 392045 393341   1297 2.026548
24 408341 409686   1346 2.096444
25 424686 425942   1257 2.078070
26 440942 442316   1375 1.932495
27 457316 458548   1233 2.102768
28 473548 474923   1376 1.922129
29 489923 491266   1344 2.085843
30 506266 507524   1259 2.192282


[[5]]
[[5]]$baseline
[1] 1.301623

[[5]]$peaks
[1] 1.301623 3.345210

[[5]]$thresholds
[1] 2.752569

[[5]]$noise
[1] 19.07811

[[5]]$markers
    runid tag length  start    end Gen
6       6  L2   4941  22300  27240   1
10     10  L2   4917  37732  42648   1
14     14  L2   4947  53123  58069   1
18     18  L2   4947  68553  73499   1
22     22  L2   4916  84003  88918   1
26     26  L2   4943  99393 104335   1
30     30  L2   2752 114842 117593   1
36     36  L2   4982 130216 135197   1
40     40  L2   4934 145669 150602   1
44     44  L2   4936 161076 166011   1
50     50  L2   5000 176421 181420   1
56     56  L2   4940 191900 196839   1
60     60  L2   4943 207312 212254   1
64     64  L2   4940 222743 227682   1
70     70  L2   4934 238163 243096   1
74     74  L2   4943 253582 258524   1
80     80  L2   4960 269022 273981   1
84     84  L2   4942 284451 289392   1
90     90  L2   4957 299850 304806   1
96     96  L2   4942 315272 320213   1
100   100  L2   4941 330680 335620   1
104   104  L2   4949 346093 351041   1
108   108  L2   4936 361611 366546   1
114   114  L2   4936 377093 382028   1
120   120  L2   4943 392462 397404   1
124   124  L2   4935 407892 412826   1
130   130  L2   4941 423313 428253   1
134   134  L2   4933 438743 443675   1
138   138  L2   4938 454172 459109   1
146   146  L2   4942 469590 474531   1
152   152  L2   4935 485003 489937   1

[[5]]$work
    start    end length        P
1   32300  32732    433 1.762321
2   47732  48123    392 1.833408
3   63123  63553    431 1.735294
4   78553  79003    451 1.652054
5   94003  94393    391 1.837477
6  109393 109842    450 1.598655
7  124842 125216    375 1.948792
8  140216 140669    454 1.604523
9  155669 156076    408 1.783231
10 171076 171421    346 2.055895
11 186421 186900    480 1.560411
12 201900 202312    413 1.842940
13 217312 217743    432 1.758117
14 232743 233163    421 1.773965
15 248163 248582    420 1.868622
16 263582 264022    441 1.685505
17 279022 279451    430 1.758422
18 294451 294850    400 1.825213
19 309850 310272    423 1.756985
20 325272 325680    409 1.821145
21 340680 341093    414 1.805653
22 356093 356611    519 1.856719
23 371611 372093    483 2.028621
24 387093 387462    370 1.804542
25 402462 402892    431 1.839991
26 417892 418313    422 1.830464
27 433313 433743    431 1.837540
28 448743 449172    430 1.862591
29 464172 464590    419 1.807345
30 479590 480003    414 1.798524


[[6]]
[[6]]$baseline
[1] 1.262916

[[6]]$peaks
[1] 1.262916 3.447605

[[6]]$thresholds
[1] 2.710907

[[6]]$noise
[1] 14.15381

[[6]]$markers
    runid tag length  start    end Gen
8       8  L2   4943  21252  26194   1
12     12  L2   4956  37420  42375   1
18     18  L2   4938  53594  58531   1
22     22  L2   4947  69713  74659   1
28     28  L2   4937  85842  90778   1
32     32  L2   4908 102004 106911   1
36     36  L2   4942 118092 123033   1
40     40  L2   4936 134234 139169   1
44     44  L2   4949 150384 155332   1
48     48  L2   4926 166542 171467   1
52     52  L2   4941 182642 187582   1
58     58  L2   4945 198761 203705   1
64     64  L2   4941 214882 219822   1
70     70  L2   4932 231003 235934   1
74     74  L2   4936 247122 252057   1
80     80  L2   4938 263332 268269   1
84     84  L2   4936 279452 284387   1
88     88  L2   4939 295574 300512   1
94     94  L2   4947 311682 316628   1
102   102  L2   4938 327874 332811   1
108   108  L2   4942 344011 348952   1
112   112  L2   4926 360171 365096   1
116   116  L2   4936 376284 381219   1
122   122  L2   4903 392443 397345   1
126   126  L2   4930 408512 413441   1
132   132  L2   4959 424599 429557   1
138   138  L2   4935 440762 445696   1
142   142  L2   4925 456871 461795   1
146   146  L2   4939 472963 477901   1
152   152  L2   4946 489074 494019   1
158   158  L2   4953 505203 510155   1

[[6]]$work
    start    end length        P
1   31252  32420   1169 2.710670
2   47420  48594   1175 2.544789
3   63594  64713   1120 2.617644
4   79713  80842   1130 2.576720
5   95842  97004   1163 2.537068
6  112004 113092   1089 2.610793
7  128092 129234   1143 2.542326
8  144234 145384   1151 2.579796
9  160384 161542   1159 2.502241
10 176542 177642   1101 2.590428
11 192642 193761   1120 2.619770
12 208761 209882   1122 2.581211
13 224882 226003   1122 2.590533
14 241003 242122   1120 2.608753
15 257122 258332   1211 2.770452
16 273332 274452   1121 2.614434
17 289452 290574   1123 2.609473
18 305574 306682   1109 2.634938
19 321682 322874   1193 2.784197
20 337874 339011   1138 2.581495
21 354011 355171   1161 2.520689
22 370171 371284   1114 2.605759
23 386284 387443   1160 2.595498
24 402443 403512   1070 2.690357
25 418512 419599   1088 2.667472
26 434599 435762   1164 2.535980
27 450762 451871   1110 2.588526
28 466871 467963   1093 2.588099
29 482963 484074   1112 2.638128
30 499074 500203   1130 2.615746


[[7]]
[[7]]$baseline
[1] 1.233453

[[7]]$peaks
[1] 1.233453 3.615989

[[7]]$thresholds
[1] 2.335056

[[7]]$noise
[1] 42.25437

[[7]]$markers
    runid tag length  start    end Gen
10     10  L2   4989  49998  54986   1
14     14  L2   4949  77030  81978   1
18     18  L2   4951 104139 109089   1
26     26  L2   5008 131209 136216   1
30     30  L2   5185 158360 163544   1
34     34  L2   5044 185470 190513   1
40     40  L2   5004 212539 217542   1
44     44  L2   5108 239760 244867   1
48     48  L2   5202 266901 272102   1
54     54  L2   4973 294110 299082   1
58     58  L2   4953 321150 326102   1
62     62  L2   5425 348290 353714   1
66     66  L2   5186 375389 380574   1
72     72  L2   4976 402500 407475   1
76     76  L2   5024 429430 434453   1
84     84  L2   4965 456310 461274   1
88     88  L2   4946 483249 488194   1
92     92  L2   5262 510140 515401   1
98     98  L2   4999 536981 541979   2
102   102  L2   5125 563879 569003   1
108   108  L2   5015 590790 595804   1
112   112  L2   4977 617661 622637   1
116   116  L2   4956 644490 649445   1
120   120  L2   4921 671300 676220   1
126   126  L2   5188 698089 703276   1
130   130  L2   5089 724981 730069   1
134   134  L2   5089 751929 757017   1
138   138  L2   5180 778900 784079   1
142   142  L2   4950 805770 810719   1
148   148  L2   4961 832610 837570   1
152   152  L2   4985 859541 864525   1

[[7]]$work
    start    end length        P
1   59998  72030  12033 2.364910
2   87030  99139  12110 2.336971
3  114139 126209  12071 2.411686
4  141209 153360  12152 2.383229
5  168360 180470  12111 2.432790
6  195470 207539  12070 2.427619
7  222539 234760  12222 2.434347
8  249760 261901  12142 2.418296
9  276901 289110  12210 2.410992
10 304110 316150  12041 2.406741
11 331150 343290  12141 2.409771
12 358290 370389  12100 2.443853
13 385389 397500  12112 2.525221
14 412500 424430  11931 2.435878
15 439430 451310  11881 2.401671
16 466310 478249  11940 2.392319
17 493249 505140  11892 2.433822
18 520140 531981  11842 2.415848
19 546981 558879  11899 2.449104
20 573879 585790  11912 2.477550
21 600790 612661  11872 2.453410
22 627661 639490  11830 2.433715
23 654490 666300  11811 2.488993
24 681300 693089  11790 2.545641
25 708089 719981  11893 2.402587
26 734981 746929  11949 2.458245
27 761929 773900  11972 2.436542
28 788900 800770  11871 2.445777
29 815770 827610  11841 2.496865
30 842610 854541  11932 2.475668


[[8]]
[[8]]$baseline
[1] 1.228269

[[8]]$peaks
[1] 1.228269 3.434203

[[8]]$thresholds
[1] 2.573351

[[8]]$noise
[1] 55.72436

[[8]]$markers
    runid tag length  start    end Gen
4       4  L2   4944  22208  27151   1
8       8  L2   4978  38985  43962   1
14     14  L2   5026  55868  60893   1
18     18  L2   4961  72636  77596   1
24     24  L2   4977  89423  94399   1
28     28  L2   4992 106287 111278   1
32     32  L2   4943 123156 128098   1
36     36  L2   4951 139947 144897   1
40     40  L2   5138 156796 161933   1
44     44  L2   4970 173587 178556   1
48     48  L2   5019 190396 195414   1
52     52  L2   4936 207256 212191   1
58     58  L2   5045 224084 229128   1
62     62  L2   4924 240905 245828   1
66     66  L2   5136 257708 262843   1
70     70  L2   4941 274518 279458   1
74     74  L2   4995 291326 296320   1
78     78  L2   5178 308158 313335   1
84     84  L2   5059 324956 330014   1
90     90  L2   5017 341736 346752   1
94     94  L2   4945 358566 363510   1
98     98  L2   4960 375407 380366   1
102   102  L2   4917 392245 397161   1
106   106  L2   5009 409068 414076   1
110   110  L2   4975 425916 430890   1
116   116  L2   4938 442726 447663   1
120   120  L2   4955 459565 464519   1
124   124  L2   5067 476408 481474   1
128   128  L2   4911 493235 498145   1
132   132  L2   5106 509997 515102   1
136   136  L2   4974 526866 531839   2

[[8]]$work
    start    end length        P
1   32208  33985   1778 2.346654
2   48985  50868   1884 2.207427
3   65868  67636   1769 2.252509
4   82636  84423   1788 2.289535
5   99423 101287   1865 2.165401
6  116287 118156   1870 2.236276
7  133156 134947   1792 2.275259
8  149947 151796   1850 2.242820
9  166796 168587   1792 2.267907
10 183587 185396   1810 2.258949
11 200396 202256   1861 2.335855
12 217256 219084   1829 2.205054
13 234084 235905   1822 2.246208
14 250905 252708   1804 2.264180
15 267708 269518   1811 2.235005
16 284518 286326   1809 2.301208
17 301326 303158   1833 2.267629
18 318158 319956   1799 2.260455
19 334956 336736   1781 2.259036
20 351736 353566   1831 2.331546
21 368566 370407   1842 2.233135
22 385407 387245   1839 2.244004
23 402245 404068   1824 2.189335
24 419068 420916   1849 2.226995
25 435916 437726   1811 2.260956
26 452726 454565   1840 2.333606
27 469565 471408   1844 2.231932
28 486408 488235   1828 2.269873
29 503235 504997   1763 2.398145
30 519997 521866   1870 2.241256


[[9]]
[[9]]$baseline
[1] 1.260694

[[9]]$peaks
[1] 1.260694 3.606235

[[9]]$thresholds
[1] 2.511649

[[9]]$noise
[1] 31.47417

[[9]]$markers
    runid tag length  start    end Gen
6       6  L2   5040  25055  30094   1
10     10  L2   4932  44866  49797   1
16     16  L2   5046  64607  69652   1
20     20  L2   4998  84445  89442   1
24     24  L2   4983 104246 109228   1
28     28  L2   4954 124117 129070   1
34     34  L2   4975 143955 148929   1
38     38  L2   4922 163845 168766   1
44     44  L2   4958 183625 188582   1
48     48  L2   4943 203395 208337   1
52     52  L2   4944 223175 228118   1
56     56  L2   4944 242977 247920   1
62     62  L2   4953 262805 267757   1
66     66  L2   4956 282593 287548   1
72     72  L2   4993 302366 307358   1
78     78  L2   4960 322166 327125   1
80     80  L2   4810 332141 336950   2
82     82  L2   4943 341925 346867   1
86     86  L2   4769 351928 356696   1
88     88  L2   4918 361765 366682   1
90     90  L2   4945 371735 376679   2
92     92  L2   4935 381647 386581   1
94     94  L2   4787 391619 396405   1
96     96  L2   4989 401417 406405   1
98     98  L2   4794 411395 416188   2
100   100  L2   4938 421195 426132   1
104   104  L2   4972 441025 445996   1
108   108  L2   4939 460854 465792   1
112   112  L2   4934 480617 485550   1
116   116  L2   4934 500424 505357   1
120   120  L2   4941 520235 525175   1
124   124  L2   4938 540015 544952   1
130   130  L2   4938 559794 564731   1
136   136  L2   4940 579595 584534   1
140   140  L2   4936 599345 604280   1
144   144  L2   4945 619105 624049   1

[[9]]$work
    start    end length           P
1   35055  39866   4812  2.50413610
2   54866  59607   4742  2.53770991
3   74607  79445   4839  2.54041852
4   94445  99246   4802  2.56009349
5  114246 119117   4872  2.51525730
6  134117 138955   4839  2.57282711
7  153955 158845   4891  2.53291839
8  173845 178625   4781  2.58379806
9  193625 198395   4771  2.58979702
10 213395 218175   4781  2.56581543
11 233175 237977   4803  2.59773266
12 252977 257805   4829  2.60294181
13 272805 277593   4789  2.59887608
14 292593 297366   4774  2.57161374
15 312366 317166   4801  2.63015083
16 332166 327141  -5024 -0.08088603
17 342141 336925  -5215  0.17931812
18 351925 346928  -4996  0.38757697
19 361928 356765  -5162  0.00601129
20 371765 366735  -5029 -0.04139343
21 381735 376647  -5087  0.02831294
22 391647 386619  -5027 -0.02179285
23 401619 396417  -5201  0.08593496
24 411417 406395  -5021  0.04401637
25 421395 416195  -5199  0.11880548
26 431195 436025   4831  2.67442635
27 451025 455854   4830  2.54416933
28 470854 475617   4764  2.61829728
29 490617 495424   4808  2.57336242
30 510424 515235   4812  2.53343864
31 530235 535015   4781  2.48725370
32 550015 554794   4780  2.53215090
33 569794 574595   4802  2.51349367
34 589595 594345   4751  2.54948640
35 609345 614105   4761  2.57165129


[[10]]
[[10]]$baseline
[1] 1.191131

[[10]]$peaks
[1] 1.191131 3.310073

[[10]]$thresholds
[1] 2.669463

[[10]]$noise
[1] 13.43172

[[10]]$markers
    runid tag length  start    end Gen
6       6  L2   5060  23592  28651   1
10     10  L2   4950  38967  43916   1
14     14  L2   4930  54255  59184   1
18     18  L2   4943  69516  74458   1
22     22  L2   4946  84804  89749   1
26     26  L2   4936 100076 105011   1
30     30  L2   4937 115376 120312   1
34     34  L2   2704 130655 133358   1
42     42  L2   4544 145916 150459   2
48     48  L2   2868 161165 164032   1
54     54  L2   4957 176422 181378   1
58     58  L2   4936 191715 196650   1
62     62  L2   4937 206974 211910   1
68     68  L2   4947 222277 227223   1
72     72  L2   4936 237594 242529   1
76     76  L2   4941 252885 257825   1
80     80  L2   4941 268185 273125   1
84     84  L2   4936 283505 288440   1
90     90  L2   4921 298792 303712   1
94     94  L2   4946 314074 319019   1
100   100  L2   4911 329403 334313   1
106   106  L2   4907 344715 349621   1
110   110  L2   4918 359973 364890   1
114   114  L2   4940 375215 380154   1
122   122  L2   4937 390503 395439   1
126   126  L2   4953 405816 410768   1
132   132  L2   4943 421116 426058   1
138   138  L2   4938 436414 441351   1
144   144  L2   4941 451695 456635   1
148   148  L2   4943 466976 471918   1
152   152  L2   4935 482274 487208   1

[[10]]$work
    start    end length        P
1   33592  33967    376 1.437234
2   48967  49255    289 1.953082
3   64255  64516    262 1.971232
4   79516  79804    289 1.969199
5   94804  95076    273 2.045415
6  110076 110376    301 1.955106
7  125376 125655    280 2.115125
8  140655 140916    262 2.098947
9  155916 156165    250 2.315257
10 171165 171422    258 2.162591
11 186422 186715    294 2.034034
12 201715 201974    260 2.163965
13 216974 217277    304 2.015909
14 232277 232594    318 1.983199
15 247594 247885    292 2.129285
16 262885 263185    301 2.001939
17 278185 278505    321 1.964966
18 293505 293792    288 2.038435
19 308792 309074    283 2.050145
20 324074 324403    330 1.846160
21 339403 339715    313 1.927755
22 354715 354973    259 2.019216
23 369973 370215    243 2.118084
24 385215 385503    289 1.973764
25 400503 400816    314 1.965726
26 415816 416116    301 2.044691
27 431116 431414    299 2.027408
28 446414 446695    282 2.132652
29 461695 461976    282 2.234804
30 476976 477274    299 2.044745


[[11]]
[[11]]$baseline
[1] 1.245394

[[11]]$peaks
[1] 1.245394 3.291122

[[11]]$thresholds
[1] 2.758673

[[11]]$noise
[1] 68.1956

[[11]]$markers
    runid tag length  start    end Gen
2       2  L2   4938  23292  28229   1
8       8  L2   5000  39160  44159   1
12     12  L2   4965  55050  60014   1
16     16  L2   4956  70945  75900   1
20     20  L2   5061  86778  91838   1
24     24  L2   5084 102621 107704   1
28     28  L2   5032 118485 123516   1
32     32  L2   5137 134360 139496   1
36     36  L2   5000 150222 155221   1
40     40  L2   5044 166080 171123   1
44     44  L2   5003 182035 187037   1
48     48  L2   5000 197890 202889   1
54     54  L2   5017 213721 218737   1
58     58  L2   5089 229638 234726   1
62     62  L2   4989 245520 250508   1
66     66  L2   5098 261419 266516   1
70     70  L2   5031 277309 282339   1
74     74  L2   5158 293180 298337   1
78     78  L2   4984 309069 314052   1
84     84  L2   4990 324920 329909   1
90     90  L2   5017 340790 345806   1
94     94  L2   5001 356668 361668   1
98     98  L2   4979 372540 377518   1
102   102  L2   4948 388410 393357   1
106   106  L2   5099 404228 409326   1
110   110  L2   4980 420168 425147   1
114   114  L2   5152 436038 441189   1
118   118  L2   4985 451951 456935   1
124   124  L2   5047 467770 472816   1
128   128  L2   4999 483640 488638   1
134   134  L2   5033 499531 504563   1

[[11]]$work
    start    end length        P
1   33292  34160    869 3.229124
2   49160  50050    891 2.586700
3   65050  65945    896 2.703561
4   80945  81778    834 2.769099
5   96778  97621    844 2.630573
6  112621 113485    865 2.559057
7  128485 129360    876 2.564574
8  144360 145222    863 2.604763
9  160222 161080    859 2.627386
10 176080 177035    956 2.955117
11 192035 192890    856 2.631313
12 207890 208721    832 2.647736
13 223721 224638    918 2.522946
14 239638 240520    883 2.592546
15 255520 256419    900 2.672706
16 271419 272309    891 2.592838
17 287309 288180    872 2.622472
18 303180 304069    890 2.557581
19 319069 319920    852 2.599535
20 334920 335790    871 2.612696
21 350790 351668    879 2.564490
22 366668 367540    873 2.561474
23 382540 383410    871 2.664160
24 398410 399228    819 2.686765
25 414228 415168    941 2.786302
26 430168 431038    871 2.652063
27 446038 446951    914 2.602739
28 461951 462770    820 2.818237
29 477770 478640    871 2.657335
30 493640 494531    892 2.793677


