[[1]]
[[1]]$baseline
[1] 1.061171

[[1]]$peaks
[1] 1.061171 3.548037

[[1]]$thresholds
[1] 2.666616

[[1]]$noise
[1] 70

[[1]]$markers
    runid tag length  start     end Gen
2       2  L2   5008   9339   14346   1
10     10  L2   5067  42313   47379   1
20     20  L2   5004  75163   80166   1
28     28  L2   5014 108112  113125   1
40     40  L2   5116 140961  146076   1
48     48  L2   4975 173893  178867   1
58     58  L2   4993 206801  211793   1
66     66  L2   4996 239851  244846   1
76     76  L2   5268 272744  278011   1
84     84  L2   5049 305783  310831   1
94     94  L2   5003 338722  343724   1
102   102  L2   5012 371641  376652   1
112   112  L2   5032 404584  409615   1
120   120  L2   5097 437483  442579   1
130   130  L2   5007 470430  475436   1
140   140  L2   4991 503361  508351   1
150   150  L2   5052 536270  541321   1
158   158  L2   5003 569153  574155   1
168   168  L2   5002 602161  607162   1
176   176  L2   5002 635011  640012   1
186   186  L2   5002 667864  672865   1
194   194  L2   5000 700810  705809   1
204   204  L2   5037 733753  738789   1
214   214  L2   5081 766651  771731   1
224   224  L2   5097 799542  804638   1
234   234  L2   5441 832433  837873   1
244   244  L2   5076 865240  870315   1
252   252  L2   5003 898200  903202   1
262   262  L2   5086 931140  936225   1
272   272  L2   5040 964163  969202   1
282   282  L2   5385 997062 1002446   1

[[1]]$work
    start    end length         P
1   19339  37313  17975 0.7239350
2   52313  70163  17851 0.8155153
3   85163 103112  17950 0.8918527
4  118112 135961  17850 0.8313966
5  150961 168893  17933 0.7693022
6  183893 201801  17909 0.8633509
7  216801 234851  18051 0.8186196
8  249851 267744  17894 0.8547368
9  282744 300783  18040 0.8772559
10 315783 333722  17940 0.8037995
11 348722 366641  17920 0.8988837
12 381641 399584  17944 0.8053204
13 414584 432483  17900 0.7733780
14 447483 465430  17948 0.8462481
15 480430 498361  17932 0.7605967
16 513361 531270  17910 0.8712527
17 546270 564153  17884 0.8603333
18 579153 597161  18009 0.8679213
19 612161 630011  17851 0.8408840
20 645011 662864  17854 0.8404074
21 677864 695810  17947 0.8106255
22 710810 728753  17944 0.8399389
23 743753 761651  17899 0.8491060
24 776651 794542  17892 0.8537836
25 809542 827433  17892 0.9076697
26 842433 860240  17808 0.8609206
27 875240 893200  17961 0.8005153
28 908200 926140  17941 0.8112275
29 941140 959163  18024 0.7960314
30 974163 992062  17900 0.8616089


[[2]]
[[2]]$baseline
[1] 1.174968

[[2]]$peaks
[1] 1.174968 3.870015

[[2]]$thresholds
[1] 2.907498

[[2]]$noise
[1] 70

[[2]]$markers
    runid tag length  start     end Gen
2       2  L2   4992   7672   12663   1
12     12  L2   5003  40565   45567   1
20     20  L2   5019  73464   78482   1
30     30  L2   5036 106397  111432   1
38     38  L2   4984 139313  144296   1
52     52  L2   5029 172173  177201   1
60     60  L2   5019 205026  210044   1
70     70  L2   4995 237954  242948   1
78     78  L2   5003 270815  275817   1
88     88  L2   5001 303786  308786   1
96     96  L2   5167 336643  341809   1
108   108  L2   5004 369533  374536   1
116   116  L2   5001 402355  407355   1
126   126  L2   5001 435273  440273   1
136   136  L2   5169 468218  473386   1
146   146  L2   5019 501106  506124   1
156   156  L2   5037 534045  539081   1
168   168  L2   5201 566886  572086   1
176   176  L2   4994 599823  604816   1
186   186  L2   5043 632661  637703   1
194   194  L2   5013 665565  670577   1
204   204  L2   5001 698485  703485   1
216   216  L2   5072 731674  736745   1
226   226  L2   5011 764427  769437   1
236   236  L2   5045 797673  802717   1
250   250  L2   4998 830624  835621   1
258   258  L2   5002 863603  868604   1
268   268  L2   5068 896602  901669   1
276   276  L2   5065 929503  934567   1
286   286  L2   5136 962412  967547   1
294   294  L2   5096 995411 1000506   2

[[2]]$work
    start    end length         P
1   17672  35565  17894 0.8406802
2   50565  68464  17900 0.7249310
3   83464 101397  17934 0.8152118
4  116397 134313  17917 0.7702122
5  149313 167173  17861 0.8494739
6  182173 200026  17854 0.7773619
7  215026 232954  17929 0.8089238
8  247954 265815  17862 0.8396973
9  280815 298786  17972 0.8388573
10 313786 331643  17858 0.7789780
11 346643 364533  17891 0.8042892
12 379533 397355  17823 0.7499793
13 412355 430273  17919 0.8183917
14 445273 463218  17946 0.7446456
15 478218 496106  17889 0.8151422
16 511106 529045  17940 0.8623791
17 544045 561886  17842 0.8604894
18 576886 594823  17938 0.7561465
19 609823 627661  17839 0.8241886
20 642661 660565  17905 0.7557050
21 675565 693485  17921 0.9434944
22 708485 726674  18190 0.7628950
23 741674 759427  17754 0.8237342
24 774427 792673  18247 0.7742018
25 807673 825624  17952 0.8700301
26 840624 858603  17980 0.7756957
27 873603 891602  18000 0.9305071
28 906602 924503  17902 0.8752002
29 939503 957412  17910 0.9503154
30 972412 990411  18000 0.8391927


[[3]]
[[3]]$baseline
[1] 1.286195

[[3]]$peaks
[1] 1.286195 4.425284

[[3]]$thresholds
[1] 3.363533

[[3]]$noise
[1] 70

[[3]]$markers
    runid tag length  start     end Gen
2       2  L2   5018   7710   12727   2
10     10  L2   5107  40623   45729   1
20     20  L2   5056  73595   78650   1
28     28  L2   5003 106532  111534   1
36     36  L2   5033 139601  144633   1
46     46  L2   4995 172472  177466   1
54     54  L2   5043 205345  210387   1
66     66  L2   5062 238201  243262   1
76     76  L2   5007 271034  276040   1
86     86  L2   5004 303901  308904   1
94     94  L2   5066 336764  341829   1
104   104  L2   5144 369713  374856   1
112   112  L2   4972 402611  407582   1
122   122  L2   5003 435463  440465   1
130   130  L2   5142 468434  473575   1
140   140  L2   4994 501291  506284   1
148   148  L2   5001 534242  539242   1
160   160  L2   5127 567202  572328   1
170   170  L2   5204 600163  605366   1
182   182  L2   4967 633031  637997   1
190   190  L2   4972 665850  670821   1
200   200  L2   5032 698732  703763   1
208   208  L2   5002 731601  736602   1
220   220  L2   5026 764494  769519   1
228   228  L2   4996 797384  802379   1
238   238  L2   5167 830252  835418   1
246   246  L2   5001 863203  868203   2
256   256  L2   5186 896051  901236   1
268   268  L2   5001 929005  934005   1
282   282  L2   4994 962093  967086   1
290   290  L2   5190 994984 1000173   1

[[3]]$work
    start    end length         P
1   17710  35623  17914 0.8765414
2   50623  68595  17973 0.8326234
3   83595 101532  17938 0.7514197
4  116532 134601  18070 0.7720104
5  149601 167472  17872 0.9049863
6  182472 200345  17874 0.8857513
7  215345 233201  17857 0.8937077
8  248201 266034  17834 0.8909659
9  281034 298901  17868 0.8462108
10 313901 331764  17864 0.9102814
11 346764 364713  17950 0.8837383
12 379713 397611  17899 0.7911929
13 412611 430463  17853 0.8929472
14 445463 463434  17972 1.0196024
15 478434 496291  17858 0.8752143
16 511291 529242  17952 0.8956057
17 544242 562202  17961 1.0896383
18 577202 595163  17962 0.8072038
19 610163 628031  17869 0.7871174
20 643031 660850  17820 0.8226652
21 675850 693732  17883 0.9275615
22 708732 726601  17870 0.9261559
23 741601 759494  17894 0.9503079
24 774494 792384  17891 0.8571546
25 807384 825252  17869 0.8686312
26 840252 858203  17952 0.8653587
27 873203 891051  17849 0.8355298
28 906051 924005  17955 0.9429605
29 939005 957093  18089 0.8725363
30 972093 989984  17892 0.8671030


[[4]]
[[4]]$baseline
[1] 1.30359

[[4]]$peaks
[1] 1.303590 4.439663

[[4]]$thresholds
[1] 3.379582

[[4]]$noise
[1] 70

[[4]]$markers
    runid tag length  start     end Gen
4       4  L2   5247   8981   14227   1
12     12  L2   4995  41930   46924   1
22     22  L2   5005  74698   79702   1
30     30  L2   5003 107551  112553   1
40     40  L2   5021 140340  145360   1
48     48  L2   5053 173229  178281   1
58     58  L2   5039 206118  211156   1
66     66  L2   5002 238911  243912   1
78     78  L2   5066 271788  276853   1
88     88  L2   5036 304620  309655   1
100   100  L2   5002 337551  342552   1
108   108  L2   5008 370379  375386   1
118   118  L2   5000 403300  408299   1
128   128  L2   5525 436230  441754   1
140   140  L2   5030 469101  474130   1
148   148  L2   4961 502077  507037   1
160   160  L2   5003 534908  539910   1
168   168  L2   5002 567729  572730   1
178   178  L2   5145 600715  605859   1
188   188  L2   5060 633411  638470   1
200   200  L2   5024 666339  671362   1
208   208  L2   4979 699199  704177   1
218   218  L2   5004 732126  737129   1
226   226  L2   5003 765039  770041   1
236   236  L2   5022 798010  803031   1
244   244  L2   5001 830829  835829   1
254   254  L2   4944 863706  868649   1
262   262  L2   5125 896518  901642   1
274   274  L2   5074 929538  934611   1
282   282  L2   5044 962349  967392   1
292   292  L2   5273 995231 1000503   1

[[4]]$work
    start    end length         P
1   18981  36930  17950 0.7774605
2   51930  69698  17769 0.8971086
3   84698 102551  17854 0.7793598
4  117551 135340  17790 0.9916147
5  150340 168229  17890 0.9042699
6  183229 201118  17890 0.8767175
7  216118 233911  17794 0.7764106
8  248911 266788  17878 0.8726823
9  281788 299620  17833 0.8212655
10 314620 332551  17932 0.8695850
11 347551 365379  17829 0.8742460
12 380379 398300  17922 0.8402782
13 413300 431230  17931 0.8216967
14 446230 464101  17872 0.8196365
15 479101 497077  17977 0.8413985
16 512077 529908  17832 0.8429887
17 544908 562729  17822 0.8860857
18 577729 595715  17987 0.9545076
19 610715 628411  17697 0.9320405
20 643411 661339  17929 0.8931153
21 676339 694199  17861 0.7993764
22 709199 727126  17928 0.8580140
23 742126 760039  17914 0.7722630
24 775039 793010  17972 0.9092953
25 808010 825829  17820 0.7668278
26 840829 858706  17878 0.9018419
27 873706 891518  17813 0.7891628
28 906518 924538  18021 1.0649601
29 939538 957349  17812 0.8445472
30 972349 990231  17883 0.9542547


[[5]]
[[5]]$baseline
[1] 1.360209

[[5]]$peaks
[1] 1.360209 4.126913

[[5]]$thresholds
[1] 3.084907

[[5]]$noise
[1] 70

[[5]]$markers
    runid tag length  start     end Gen
2       2  L2   5002   8028   13029   1
10     10  L2   5028  41085   46112   1
20     20  L2   4993  73988   78980   1
30     30  L2   5153 106946  112098   1
42     42  L2   5214 139874  145087   1
50     50  L2   5015 172887  177901   2
60     60  L2   5181 205827  211007   1
68     68  L2   5215 238816  244030   1
78     78  L2   5060 271886  276945   1
88     88  L2   5029 304750  309778   1
100   100  L2   5085 337656  342740   1
108   108  L2   5001 370585  375585   1
120   120  L2   5000 403565  408564   1
130   130  L2   5040 436546  441585   1
142   142  L2   4978 469525  474502   1
152   152  L2   4983 502557  507539   1
162   162  L2   5075 535455  540529   1
170   170  L2   5070 568467  573536   1
180   180  L2   5004 601416  606419   1
188   188  L2   5021 634404  639424   1
200   200  L2   5271 667274  672544   1
208   208  L2   4994 700176  705169   1
218   218  L2   5087 733075  738161   1
226   226  L2   5000 766012  771011   1
236   236  L2   5042 799074  804115   1
246   246  L2   5234 832107  837340   1
258   258  L2   5009 864984  869992   2
266   266  L2   5334 897925  903258   1
278   278  L2   5122 930923  936044   1
286   286  L2   5063 963866  968928   2
296   296  L2   5378 996734 1002111   1

[[5]]$work
    start    end length         P
1   18028  36085  18058 0.8422152
2   51085  68988  17904 0.7617836
3   83988 101946  17959 0.6625086
4  116946 134874  17929 0.7932715
5  149874 167887  18014 0.7068898
6  182887 200827  17941 0.7705999
7  215827 233816  17990 0.7532595
8  248816 266886  18071 0.8288013
9  281886 299750  17865 0.7401052
10 314750 332656  17907 0.7396095
11 347656 365585  17930 0.6890591
12 380585 398565  17981 0.8037478
13 413565 431546  17982 0.7192570
14 446546 464525  17980 0.7635987
15 479525 497557  18033 0.7242788
16 512557 530455  17899 0.8213682
17 545455 563467  18013 0.7107729
18 578467 596416  17950 0.8122021
19 611416 629404  17989 0.7946805
20 644404 662274  17871 0.9036062
21 677274 695176  17903 0.8248567
22 710176 728075  17900 0.8678854
23 743075 761012  17938 0.7925708
24 776012 794074  18063 0.8281620
25 809074 827107  18034 0.7548468
26 842107 859984  17878 0.7384719
27 874984 892925  17942 0.7282350
28 907925 925923  17999 0.8398102
29 940923 958866  17944 0.7403557
30 973866 991734  17869 0.7528249


[[6]]
[[6]]$baseline
[1] 1.37024

[[6]]$peaks
[1] 1.370240 4.192171

[[6]]$thresholds
[1] 3.14215

[[6]]$noise
[1] 70

[[6]]$markers
    runid tag length  start    end Gen
4       4  L2   5008  11540  16547   1
12     12  L2   5038  44470  49507   2
22     22  L2   4963  77449  82411   1
32     32  L2   5265 110269 115533   1
40     40  L2   5014 143130 148143   1
52     52  L2   5143 176028 181170   1
60     60  L2   5135 208959 214093   1
70     70  L2   5025 241970 246994   2
80     80  L2   5160 274812 279971   1
90     90  L2   5248 307738 312985   1
100   100  L2   5012 340609 345620   2
112   112  L2   5231 373520 378750   2
122   122  L2   5233 406411 411643   1
136   136  L2   5105 439411 444515   1
146   146  L2   5110 472280 477389   2
158   158  L2   5043 505200 510242   1
166   166  L2   5228 538108 543335   1
176   176  L2   4996 570978 575973   1
184   184  L2   4996 603969 608964   1
196   196  L2   5010 637020 642029   1
208   208  L2   5094 669959 675052   1
222   222  L2   5127 702969 708095   1
232   232  L2   5004 735863 740866   1
244   244  L2   5331 768901 774231   2
254   254  L2   5040 801792 806831   1
264   264  L2   5207 834787 839993   1
274   274  L2   5378 867627 873004   1
284   284  L2   5021 900587 905607   1
294   294  L2   5131 933537 938667   2
306   306  L2   5003 966407 971409   1

[[6]]$work
    start    end length         P
1   21540  39470  17931 0.8169476
2   54470  72449  17980 0.7265169
3   87449 105269  17821 0.7583838
4  120269 138130  17862 0.7290121
5  153130 171028  17899 0.8007921
6  186028 203959  17932 0.7750757
7  218959 236970  18012 0.8244599
8  251970 269812  17843 0.7307948
9  284812 302738  17927 0.8692658
10 317738 335609  17872 0.7295921
11 350609 368520  17912 0.7941370
12 383520 401411  17892 0.7579710
13 416411 434411  18001 0.8747511
14 449411 467280  17870 0.8181266
15 482280 500200  17921 0.7889190
16 515200 533108  17909 0.8413974
17 548108 565978  17871 0.8561624
18 580978 598969  17992 0.8026132
19 613969 632020  18052 0.7856935
20 647020 664959  17940 0.8940811
21 679959 697969  18011 0.8717442
22 712969 730863  17895 0.7659237
23 745863 763901  18039 0.7363793
24 778901 796792  17892 0.7621475
25 811792 829787  17996 0.8653740
26 844787 862627  17841 0.8315196
27 877627 895587  17961 0.8753485
28 910587 928537  17951 0.7755483
29 943537 961407  17871 0.8650470


[[7]]
[[7]]$baseline
[1] 1.303298

[[7]]$peaks
[1] 1.303298 4.257211

[[7]]$thresholds
[1] 3.225121

[[7]]$noise
[1] 70

[[7]]$markers
    runid tag length  start     end Gen
2       2  L2   5008   9176   14183   1
12     12  L2   4983  42144   47126   1
20     20  L2   5053  75094   80146   1
30     30  L2   5002 108103  113104   1
38     38  L2   4999 141064  146062   1
48     48  L2   5072 174013  179084   1
58     58  L2   5500 207015  212514   1
68     68  L2   5183 239883  245065   1
78     78  L2   5012 272843  277854   1
88     88  L2   5035 305813  310847   1
98     98  L2   5054 338755  343808   1
110   110  L2   5030 371583  376612   1
120   120  L2   5222 404515  409736   1
132   132  L2   4997 437414  442410   1
140   140  L2   5077 470355  475431   1
150   150  L2   5007 503313  508319   1
158   158  L2   4995 536263  541257   1
168   168  L2   5006 569265  574270   1
180   180  L2   5043 602132  607174   1
190   190  L2   5000 635054  640053   1
200   200  L2   5108 667985  673092   1
212   212  L2   5004 700913  705916   1
224   224  L2   5003 733752  738754   1
236   236  L2   5039 766652  771690   1
246   246  L2   4981 799642  804622   1
256   256  L2   5011 832558  837568   1
264   264  L2   5051 865442  870492   1
274   274  L2   5229 898262  903490   1
282   282  L2   5001 931203  936203   1
296   296  L2   4990 964161  969150   1
306   306  L2   5237 997047 1002283   1

[[7]]$work
    start    end length         P
1   19176  37144  17969 0.9108771
2   52144  70094  17951 0.8210177
3   85094 103103  18010 0.8758114
4  118103 136064  17962 0.9130695
5  151064 169013  17950 0.9949610
6  184013 202015  18003 0.8839487
7  217015 234883  17869 0.8772830
8  249883 267843  17961 0.9172452
9  282843 300813  17971 0.9747055
10 315813 333755  17943 0.7302546
11 348755 366583  17829 0.8845058
12 381583 399515  17933 0.8496353
13 414515 432414  17900 0.8113252
14 447414 465355  17942 0.7955085
15 480355 498313  17959 0.8076587
16 513313 531263  17951 0.8591656
17 546263 564265  18003 0.8741980
18 579265 597132  17868 0.8700932
19 612132 630054  17923 0.7939747
20 645054 662985  17932 0.7612622
21 677985 695913  17929 0.8474517
22 710913 728752  17840 0.8193907
23 743752 761652  17901 0.8580016
24 776652 794642  17991 0.7781086
25 809642 827558  17917 1.0946468
26 842558 860442  17885 0.7906876
27 875442 893262  17821 0.8129154
28 908262 926203  17942 0.7547295
29 941203 959161  17959 0.8422157
30 974161 992047  17887 0.8073258


[[8]]
[[8]]$baseline
[1] 1.311187

[[8]]$peaks
[1] 1.311187 4.363413

[[8]]$thresholds
[1] 3.260199

[[8]]$noise
[1] 70

[[8]]$markers
    runid tag length  start     end Gen
2       2  L2   5118  11070   16187   1
12     12  L2   5084  43961   49044   2
22     22  L2   5143  76919   82061   1
32     32  L2   5002 109799  114800   1
42     42  L2   5005 142640  147644   1
54     54  L2   5558 175568  181125   1
62     62  L2   5068 208460  213527   1
74     74  L2   4996 241368  246363   1
82     82  L2   5034 274230  279263   1
92     92  L2   5084 307171  312254   1
102   102  L2   5046 340018  345063   1
112   112  L2   4994 372849  377842   1
120   120  L2   5053 405748  410800   1
130   130  L2   5058 438601  443658   1
138   138  L2   5004 471560  476563   1
150   150  L2   4990 504507  509496   1
158   158  L2   5001 537430  542430   1
168   168  L2   5051 570351  575401   1
178   178  L2   5000 603221  608220   1
188   188  L2   5034 636075  641108   1
196   196  L2   4993 669010  674002   1
208   208  L2   5070 701910  706979   1
218   218  L2   5001 734849  739849   1
230   230  L2   5003 767769  772771   1
240   240  L2   5089 800701  805789   1
252   252  L2   5096 833648  838743   1
260   260  L2   4997 866589  871585   1
270   270  L2   5036 899527  904562   1
278   278  L2   5048 932431  937478   1
292   292  L2   4991 965386  970376   1
300   300  L2   5053 998367 1003419   1

[[8]]$work
    start    end length         P
1   21070  38961  17892 0.8173703
2   53961  71919  17959 0.7068348
3   86919 104799  17881 0.8053234
4  119799 137640  17842 0.7531914
5  152640 170568  17929 0.8389422
6  185568 203460  17893 0.8712963
7  218460 236368  17909 0.9320538
8  251368 269230  17863 0.8218850
9  284230 302171  17942 0.9297457
10 317171 335018  17848 0.9035649
11 350018 367849  17832 0.8508456
12 382849 400748  17900 0.7510671
13 415748 433601  17854 0.9350038
14 448601 466560  17960 0.8413569
15 481560 499507  17948 0.9004396
16 514507 532430  17924 0.8152001
17 547430 565351  17922 0.9229090
18 580351 598221  17871 0.7929048
19 613221 631075  17855 1.1206296
20 646075 664010  17936 0.8544984
21 679010 696910  17901 0.9342934
22 711910 729849  17940 0.8334534
23 744849 762769  17921 0.8907957
24 777769 795701  17933 0.7924088
25 810701 828648  17948 0.9260426
26 843648 861589  17942 0.8224955
27 876589 894527  17939 0.7921020
28 909527 927431  17905 0.8134933
29 942431 960386  17956 1.2730499
30 975386 993367  17982 0.7996493


[[9]]
[[9]]$baseline
[1] 1.036939

[[9]]$peaks
[1] 1.036939 3.503888

[[9]]$thresholds
[1] 2.654161

[[9]]$noise
[1] 70

[[9]]$markers
    runid tag length  start     end Gen
2       2  L2   5017   8102   13118   1
10     10  L2   4985  41062   46046   1
20     20  L2   5025  74004   79028   1
28     28  L2   5126 106894  112019   1
36     36  L2   5001 139864  144864   1
44     44  L2   5046 172742  177787   1
52     52  L2   5036 205633  210668   1
60     60  L2   5000 238574  243573   1
68     68  L2   5006 271382  276387   1
76     76  L2   5001 304243  309243   1
86     86  L2   5027 337155  342181   1
96     96  L2   4993 370185  375177   1
106   106  L2   5018 403084  408101   1
118   118  L2   5093 435965  441057   1
126   126  L2   5015 468788  473802   1
134   134  L2   4988 501761  506748   1
142   142  L2   4986 534693  539678   1
150   150  L2   5055 567593  572647   1
158   158  L2   5038 600453  605490   1
166   166  L2   5058 633334  638391   1
174   174  L2   5178 666191  671368   1
182   182  L2   5002 699152  704153   1
192   192  L2   5005 732011  737015   1
200   200  L2   5003 764924  769926   1
208   208  L2   5003 797803  802805   1
216   216  L2   5147 830771  835917   1
224   224  L2   5041 863734  868774   1
232   232  L2   5067 896653  901719   1
240   240  L2   5040 929533  934572   1
248   248  L2   5014 962541  967554   1
256   256  L2   5083 995454 1000536   1

[[9]]$work
    start    end length         P
1   18102  36062  17961 0.6054569
2   51062  69004  17943 0.6379457
3   84004 101894  17891 0.6073291
4  116894 134864  17971 0.6342952
5  149864 167742  17879 0.6283783
6  182742 200633  17892 0.6087577
7  215633 233574  17942 0.6914626
8  248574 266382  17809 0.6076759
9  281382 299243  17862 0.6916250
10 314243 332155  17913 0.6269392
11 347155 365185  18031 0.6661034
12 380185 398084  17900 0.6680575
13 413084 430965  17882 0.6758382
14 445965 463788  17824 0.6851201
15 478788 496761  17974 0.6362639
16 511761 529693  17933 0.6283785
17 544693 562593  17901 0.7023499
18 577593 595453  17861 0.7455294
19 610453 628334  17882 0.6102259
20 643334 661191  17858 0.7020396
21 676191 694152  17962 0.6310116
22 709152 727011  17860 0.6477880
23 742011 759924  17914 0.6389603
24 774924 792803  17880 0.6311482
25 807803 825771  17969 0.6704675
26 840771 858734  17964 0.6305717
27 873734 891653  17920 0.6619948
28 906653 924533  17881 0.6375413
29 939533 957541  18009 0.6591900
30 972541 990454  17914 0.6185327


[[10]]
[[10]]$baseline
[1] 1.040349

[[10]]$peaks
[1] 1.040349 3.510455

[[10]]$thresholds
[1] 2.651288

[[10]]$noise
[1] 70

[[10]]$markers
    runid tag length  start     end Gen
2       2  L2   5064   7193   12256   1
10     10  L2   4994  40181   45174   1
20     20  L2   4995  73041   78035   1
28     28  L2   5000 106051  111050   1
38     38  L2   4998 138943  143940   1
48     48  L2   5056 171842  176897   1
58     58  L2   5276 204711  209986   1
68     68  L2   5003 237641  242643   1
76     76  L2   5040 270714  275753   1
84     84  L2   4989 303664  308652   1
94     94  L2   5109 336601  341709   1
102   102  L2   5045 369552  374596   1
110   110  L2   5089 402511  407599   1
118   118  L2   5317 435551  440867   1
128   128  L2   4994 468521  473514   1
136   136  L2   5046 501431  506476   1
146   146  L2   4996 534303  539298   1
154   154  L2   4991 567192  572182   1
164   164  L2   5001 600014  605014   1
172   172  L2   5047 632842  637888   1
182   182  L2   5004 665724  670727   1
190   190  L2   4988 698621  703608   1
200   200  L2   5004 731620  736623   1
208   208  L2   5008 764521  769528   1
218   218  L2   5056 797401  802456   1
226   226  L2   4988 830280  835267   1
236   236  L2   4992 863090  868081   1
244   244  L2   5182 895963  901144   1
254   254  L2   5086 928914  933999   1
262   262  L2   4995 961850  966844   1
274   274  L2   5299 994821 1000119   1

[[10]]$work
    start    end length         P
1   17193  35181  17989 0.6620630
2   50181  68041  17861 0.6259286
3   83041 101051  18011 0.6293832
4  116051 133943  17893 0.6685174
5  148943 166842  17900 0.7112970
6  181842 199711  17870 0.6929435
7  214711 232641  17931 0.7191780
8  247641 265714  18074 0.6538652
9  280714 298664  17951 0.7192627
10 313664 331601  17938 0.6365019
11 346601 364552  17952 0.6342136
12 379552 397511  17960 0.6407750
13 412511 430551  18041 0.6396914
14 445551 463521  17971 1.3773627
15 478521 496431  17911 0.7187877
16 511431 529303  17873 0.7188493
17 544303 562192  17890 0.6758835
18 577192 595014  17823 0.7310894
19 610014 627842  17829 0.6692074
20 642842 660724  17883 0.6930867
21 675724 693621  17898 0.6945835
22 708621 726620  18000 0.6744397
23 741620 759521  17902 0.6798367
24 774521 792401  17881 0.7222242
25 807401 825280  17880 0.6473337
26 840280 858090  17811 0.7903726
27 873090 890963  17874 0.6359826
28 905963 923914  17952 0.7245347
29 938914 956850  17937 0.6626164
30 971850 989821  17972 0.6738446


