[[1]]
[[1]]$baseline
[1] 0.9693371

[[1]]$peaks
[1] 0.9693371 1.7028722 3.3366548

[[1]]$thresholds
[1] 1.486146 2.569777

[[1]]$noise
[1] 17.74615

[[1]]$markers
    runid tag length  start    end Gen
22     22  L3   4962  21854  26815   1
30     30  L3   4936  38197  43132   1
42     42  L3   5016  54465  59480   1
50     50  L3   4953  70857  75809   1
56     56  L3   4955  87157  92111   1
62     62  L3   4925 103514 108438   1
68     68  L3   4943 119867 124809   1
79     79  L3   4940 136218 141157   1
87     87  L3   4926 152567 157492   1
97     97  L3   4975 168877 173851   1
105   105  L3   4930 185227 190156   1
111   111  L3   4935 201557 206491   1
117   117  L3   4941 217896 222836   1
127   127  L3   4939 234224 239162   1
137   137  L3   4954 250537 255490   1
143   143  L3   4935 266876 271810   1
149   149  L3   4948 283176 288123   1
157   157  L3   4941 299515 304455   1
163   163  L3   4940 315827 320766   1
173   173  L3   4916 332196 337111   1
181   181  L3   4941 348515 353455   1
189   189  L3   4984 364834 369817   1
203   203  L3   4934 381205 386138   1
211   211  L3   4940 397476 402415   1
219   219  L3   4950 413818 418767   1
245   245  L3   4939 430144 435082   1
251   251  L3   4944 446476 451419   1
257   257  L3   4917 462836 467752   1
265   265  L3   4950 479163 484112   1
271   271  L3   4947 495507 500453   1
284   284  L3   4934 511871 516804   1

[[1]]$work
    start    end length        P
1   31854  33197   1344 2.254362
2   48197  49465   1269 2.364039
3   64465  65857   1393 2.227138
4   80857  82157   1301 2.253459
5   97157  98514   1358 2.224964
6  113514 114867   1354 2.268039
7  129867 131218   1352 2.346228
8  146218 147567   1350 2.249982
9  162567 163877   1311 2.267925
10 178877 180227   1351 2.291832
11 195227 196557   1331 2.251994
12 211557 212896   1340 2.274765
13 227896 229224   1329 2.319493
14 244224 245537   1314 2.304395
15 260537 261876   1340 2.273712
16 276876 278176   1301 2.324365
17 293176 294515   1340 2.452734
18 309515 310827   1313 2.474110
19 325827 327196   1370 2.255579
20 342196 343515   1320 2.334618
21 358515 359834   1320 2.343480
22 374834 376205   1372 2.255775
23 391205 392476   1272 2.316658
24 407476 408818   1343 2.264560
25 423818 425144   1327 2.341369
26 440144 441476   1333 2.270362
27 456476 457836   1361 2.267391
28 472836 474163   1328 2.355125
29 489163 490507   1345 2.466344
30 505507 506871   1365 2.293620

[[1]]$name
[1] "clock_gettime"

[[1]]$adjust
[1] 3.5


[[2]]
[[2]]$baseline
[1] 0.9026589

[[2]]$peaks
[1] 0.9026589 1.7634681 3.2957084

[[2]]$thresholds
[1] 1.522442 2.796439

[[2]]$noise
[1] 57.4164

[[2]]$markers
    runid tag length  start    end Gen
4       4  L3   5064  21320  26383   1
7       7  L3   4939  46350  51288   1
12     12  L3   4953  71370  76322   1
15     15  L3   4923  96408 101330   1
20     20  L3   5025 121400 126424   1
23     23  L3   4932 146411 151342   1
29     29  L3   4936 171420 176355   1
32     32  L3   4942 196430 201371   1
37     37  L3   4996 221439 226434   1
43     43  L3   4945 246451 251395   1
49     49  L3   4945 271460 276404   1
54     54  L3   4936 296484 301419   1
57     57  L3   4962 321500 326461   1
62     62  L3   4920 346530 351449   1
65     65  L3   4940 371519 376458   1
711    71  L3   4934 396539 401472   1
76     76  L3   4942 421550 426491   1
79     79  L3   4928 446580 451507   1
84     84  L3   4941 471579 476519   1
87     87  L3   4945 496587 501531   1
93     93  L3   4935 521609 526543   1
96     96  L3   4924 546650 551573   1
101   101  L3   4960 571649 576608   1
106   106  L3   4937 596666 601602   1
109   109  L3   4919 621699 626617   1
112   112  L3   4924 646709 651632   1
115   115  L3   4947 671709 676655   1
118   118  L3   4944 696717 701660   1
124   124  L3   4938 721740 726677   1
130   130  L3   4932 746761 751692   1
133   133  L3   4974 771769 776742   1

[[2]]$work
    start    end length          P
1   31320  41350  10031 0.06939486
2   56350  66370  10021 0.06727945
3   81370  91408  10039 0.08846383
4  106408 116400   9993 0.14985578
5  131400 141411  10012 0.06217103
6  156411 166420  10010 0.17113087
7  181420 191430  10011 0.10126923
8  206430 216439  10010 0.09706928
9  231439 241451  10013 0.25100679
10 256451 266460  10010 0.12551870
11 281460 291484  10025 0.12996225
12 306484 316500  10017 0.09914554
13 331500 341530  10031 0.08979936
14 356530 366519   9990 0.06067921
15 381519 391539  10021 0.32944816
16 406539 416550  10012 0.14343878
17 431550 441580  10031 0.08426890
18 456580 466579  10000 0.10532469
19 481579 491587  10009 0.20162414
20 506587 516609  10023 0.19013535
21 531609 541650  10042 0.10681447
22 556650 566649  10000 0.07471918
23 581649 591666  10018 0.10621917
24 606666 616699  10034 0.08914653
25 631699 641709  10011 0.08987359
26 656709 666709  10001 0.06463359
27 681709 691717  10009 0.10647482
28 706717 716740  10024 0.21395740
29 731740 741761  10022 0.22436391
30 756761 766769  10009 0.10326930

[[2]]$name
[1] "epoll_pwait"

[[2]]$adjust
[1] 1.5


[[3]]
[[3]]$baseline
[1] 0.9168649

[[3]]$peaks
[1] 0.9168649 1.8040513 3.3736889

[[3]]$thresholds
[1] 1.599316 2.861851

[[3]]$noise
[1] 57.2685

[[3]]$markers
    runid tag length  start    end Gen
2       2  L3   4911  23615  28525   1
7       7  L3   4936  48593  53528   1
13     13  L3   4938  73595  78532   1
16     16  L3   4952  98584 103535   1
21     21  L3   4939 123602 128540   1
24     24  L3   4933 148614 153546   1
27     27  L3   4935 173614 178548   1
32     32  L3   4940 198614 203553   1
35     35  L3   4916 223640 228555   1
40     40  L3   4990 248623 253612   1
43     43  L3   4937 273634 278570   1
48     48  L3   4940 298634 303573   1
51     51  L3   4927 323654 328580   1
54     54  L3   4941 348643 353583   1
60     60  L3   4946 373654 378599   1
63     63  L3   4933 398664 403596   1
66     66  L3   4939 423663 428601   1
69     69  L3   4999 448674 453672   1
74     74  L3   5034 473673 478706   1
77     77  L3   4934 498683 503616   1
80     80  L3   4940 523683 528622   1
83     83  L3   4996 548693 553688   1
86     86  L3   4942 573693 578634   1
92     92  L3   4946 598693 603638   1
95     95  L3   4929 623711 628639   1
101   101  L3   4940 648703 653642   1
104   104  L3   4933 673713 678645   1
109   109  L3   4927 698723 703649   1
112   112  L3   4932 723720 728651   1
115   115  L3   4925 748733 753657   1
120   120  L3   4993 773723 778715   1

[[3]]$work
    start    end length          P
1   33615  43593   9979 0.09859956
2   58593  68595  10003 0.11940537
3   83595  93584   9990 0.15098489
4  108584 118602  10019 0.13437393
5  133602 143614  10013 0.10920556
6  158614 168614  10001 0.47315820
7  183614 193614  10001 0.13065422
8  208614 218640  10027 0.13590563
9  233640 243623   9984 0.13345454
10 258623 268634  10012 0.12218985
11 283634 293634  10001 0.12411834
12 308634 318654  10021 0.09629473
13 333654 343643   9990 0.10397079
14 358643 368654  10012 0.20832168
15 383654 393664  10011 0.15674167
16 408664 418663  10000 0.09190510
17 433663 443674  10012 0.09879203
18 458674 468673  10000 0.35459314
19 483673 493683  10011 0.12290809
20 508683 518683  10001 0.13747693
21 533683 543693  10011 0.10222850
22 558693 568693  10001 0.12970852
23 583693 593693  10001 0.31527224
24 608693 618711  10019 0.08986078
25 633711 643703   9993 0.08709260
26 658703 668713  10011 0.12916565
27 683713 693723  10011 0.13658142
28 708723 718720   9998 0.08325385
29 733720 743733  10014 0.09385280
30 758733 768723   9991 0.13873357

[[3]]$name
[1] "futex"

[[3]]$adjust
[1] 1.5


[[4]]
[[4]]$baseline
[1] 0.9474459

[[4]]$peaks
[1] 0.9474459 1.8127374 3.4075884

[[4]]$thresholds
[1] 1.473407 2.779828

[[4]]$noise
[1] 54.30846

[[4]]$markers
    runid tag length  start    end Gen
5       5  L3   5046  23144  28189   1
11     11  L3   4938  39467  44404   1
17     17  L3   4941  55795  60735   1
25     25  L3   4939  72094  77032   1
31     31  L3   4984  88406  93389   1
39     39  L3   4940 104727 109666   1
47     47  L3   5014 121046 126059   1
53     53  L3   4940 137316 142255   1
58     58  L3   4940 153586 158525   1
66     66  L3   4930 169907 174836   1
74     74  L3   4936 186234 191169   1
80     80  L3   5004 202546 207549   1
86     86  L3   4938 218856 223793   1
92     92  L3   4935 235175 240109   1
98     98  L3   5044 251485 256528   1
104   104  L3   4934 267806 272739   1
110   110  L3   4940 284097 289036   1
116   116  L3   4904 300416 305319   1
122   122  L3   4945 316704 321648   1
128   128  L3   5025 333077 338101   1
134   134  L3   4941 349425 354365   1
142   142  L3   4955 365735 370689   1
148   148  L3   4939 382046 386984   1
156   156  L3   4931 398343 403273   1
162   162  L3   4916 414687 419602   1
168   168  L3   4987 430942 435928   1
174   174  L3   4927 447316 452242   1
182   182  L3   5009 463548 468556   1
189   189  L3   4944 479924 484867   1
197   197  L3   4942 496266 501207   1
202   202  L3   4943 512525 517467   1

[[4]]$work
    start    end length        P
1   33144  34467   1324 2.315578
2   49467  50795   1329 2.388109
3   65795  67094   1300 2.333061
4   82094  83406   1313 2.338594
5   98406  99727   1322 2.319268
6  114727 116046   1320 2.347857
7  131046 132316   1271 2.543406
8  147316 148586   1271 2.545914
9  163586 164907   1322 2.356040
10 179907 181234   1328 2.407034
11 196234 197546   1313 2.348513
12 212546 213856   1311 2.396490
13 228856 230175   1320 2.354558
14 245175 246485   1311 2.435684
15 261485 262806   1322 2.383639
16 277806 279097   1292 2.352384
17 294097 295416   1320 2.337164
18 310416 311704   1289 2.442118
19 326704 328077   1374 2.425635
20 343077 344425   1349 2.326404
21 359425 360735   1311 2.432641
22 375735 377046   1312 2.421389
23 392046 393343   1298 2.365162
24 408343 409687   1345 2.436309
25 424687 425942   1256 2.418862
26 440942 442316   1375 2.273085
27 457316 458548   1233 2.443358
28 473548 474924   1377 2.261779
29 489924 491266   1343 2.426609
30 506266 507525   1260 2.531962

[[4]]$name
[1] "gettimeofday"

[[4]]$adjust
[1] 2


[[5]]
[[5]]$baseline
[1] 0.9866432

[[5]]$peaks
[1] 0.9866432 1.8031645 3.4362071

[[5]]$thresholds
[1] 1.470508 2.680169

[[5]]$noise
[1] 14.11691

[[5]]$markers
    runid tag length  start    end Gen
17     17  L3   4941  22300  27240   1
25     25  L3   4917  37732  42648   1
33     33  L3   4947  53123  58069   1
41     41  L3   4947  68553  73499   1
47     47  L3   4916  84003  88918   1
55     55  L3   4943  99393 104335   1
61     61  L3   4936 114842 119777   1
66     66  L3   4982 130216 135197   1
72     72  L3   4934 145669 150602   1
80     80  L3   4938 161074 166011   1
88     88  L3   5000 176421 181420   1
99     99  L3   4940 191900 196839   1
107   107  L3   4952 207311 212262   1
113   113  L3   4940 222743 227682   1
123   123  L3   4934 238163 243096   1
131   131  L3   4943 253582 258524   1
140   140  L3   4940 269022 273961   1
146   146  L3   4942 284451 289392   1
156   156  L3   4957 299850 304806   1
167   167  L3   4943 315271 320213   1
173   173  L3   4941 330680 335620   1
181   181  L3   4949 346093 351041   1
203   203  L3   4946 361611 366556   1
212   212  L3   4936 377093 382028   1
222   222  L3   4943 392462 397404   1
228   228  L3   4936 407891 412826   1
238   238  L3   4941 423313 428253   1
246   246  L3   4934 438742 443675   1
258   258  L3   4966 454171 459136   1
286   286  L3   4942 469590 474531   1
294   294  L3   4936 485002 489937   1

[[5]]$work
    start    end length        P
1   32300  32732    433 2.077300
2   47732  48123    392 2.148387
3   63123  63553    431 2.050274
4   78553  79003    451 1.967033
5   94003  94393    391 2.152457
6  109393 109842    450 1.913634
7  124842 125216    375 2.263771
8  140216 140669    454 1.919502
9  155669 156074    406 2.104823
10 171074 171421    348 2.369613
11 186421 186900    480 1.875391
12 201900 202311    412 2.160976
13 217311 217743    433 2.068786
14 232743 233163    421 2.088944
15 248163 248582    420 2.183602
16 263582 264022    441 2.000485
17 279022 279451    430 2.073402
18 294451 294850    400 2.140192
19 309850 310271    422 2.074985
20 325271 325680    410 2.135528
21 340680 341093    414 2.120632
22 356093 356611    519 2.171698
23 371611 372093    483 2.343600
24 387093 387462    370 2.119522
25 402462 402891    430 2.157972
26 417891 418313    423 2.145758
27 433313 433742    430 2.155679
28 448742 449171    430 2.180942
29 464171 464590    420 2.121499
30 479590 480002    413 2.116609

[[5]]$name
[1] "getuid32"

[[5]]$adjust
[1] 3


[[6]]
[[6]]$baseline
[1] 0.9482735

[[6]]$peaks
[1] 0.9482735 1.8112544 3.4621743

[[6]]$thresholds
[1] 1.492327 2.786798

[[6]]$noise
[1] 16.9064

[[6]]$markers
    runid tag length  start    end Gen
19     19  L3   4942  21253  26194   1
28     28  L3   4956  37420  42375   1
38     38  L3   4937  53595  58531   1
46     46  L3   4947  69713  74659   1
55     55  L3   4937  85842  90778   1
61     61  L3   4908 102004 106911   1
69     69  L3   4942 118092 123033   1
77     77  L3   4936 134234 139169   1
85     85  L3   4949 150384 155332   1
93     93  L3   4925 166543 171467   1
100   100  L3   4941 182642 187582   1
109   109  L3   4945 198761 203705   1
115   115  L3   4941 214882 219822   1
125   125  L3   4932 231003 235934   1
135   135  L3   3704 247123 250826   1
145   145  L3   4938 263332 268269   1
151   151  L3   4936 279452 284387   1
157   157  L3   4939 295574 300512   1
165   165  L3   4947 311682 316628   1
175   175  L3   4938 327874 332811   1
190   190  L3   4942 344011 348952   1
196   196  L3   4925 360172 365096   1
202   202  L3   4935 376285 381219   1
210   210  L3   2654 392443 395096   1
221   221  L3   4930 408512 413441   1
240   240  L3   4959 424599 429557   1
248   248  L3   4935 440762 445696   1
254   254  L3   4925 456871 461795   1
262   262  L3   4938 472964 477901   1
271   271  L3   4946 489074 494019   1
282   282  L3   4953 505203 510155   1

[[6]]$work
    start    end length        P
1   31253  32420   1168 3.027649
2   47420  48595   1176 2.857732
3   63595  64713   1119 2.932415
4   79713  80842   1130 2.891362
5   95842  97004   1163 2.851710
6  112004 113092   1089 2.925436
7  128092 129234   1143 2.856969
8  144234 145384   1151 2.894438
9  160384 161543   1160 2.815267
10 176543 177642   1100 2.905250
11 192642 193761   1120 2.934413
12 208761 209882   1122 2.895853
13 224882 226003   1122 2.905175
14 241003 242123   1121 2.921606
15 257123 258332   1210 3.085451
16 273332 274452   1121 2.929076
17 289452 290574   1123 2.924116
18 305574 306682   1109 2.949580
19 321682 322874   1193 3.098839
20 337874 339011   1138 2.896137
21 354011 355172   1162 2.833699
22 370172 371285   1114 2.918813
23 386285 387443   1159 2.910317
24 402443 403512   1070 3.004999
25 418512 419599   1088 2.982114
26 434599 435762   1164 2.850622
27 450762 451871   1110 2.903169
28 466871 467964   1094 2.900875
29 482964 484074   1111 2.953276
30 499074 500203   1130 2.930389

[[6]]$name
[1] "ioctl"

[[6]]$adjust
[1] 2


[[7]]
[[7]]$baseline
[1] 1.156697

[[7]]$peaks
[1] 1.156697 1.861522 3.575960

[[7]]$thresholds
[1] 1.575782 2.909234

[[7]]$noise
[1] 114.8808

[[7]]$markers
    runid tag length  start    end Gen
6       6  L3   4910  50000  54909   1
11     11  L3   6297  77033  83329   1
16     16  L3   5037 104139 109175   1
20     20  L3   4949 131211 136159   1
26     26  L3   5182 158363 163544   1
32     32  L3   5044 185470 190513   1
38     38  L3   5729 211972 217700   2
44     44  L3   4964 239762 244725   1
50     50  L3   5160 266903 272062   1
58     58  L3   4912 294112 299023   1
64     64  L3   4953 321150 326102   1
70     70  L3   4911 348290 353200   1
76     76  L3   4949 375390 380338   1
81     81  L3   5269 402502 407770   1
87     87  L3   5366 429432 434797   1
93     93  L3   5641 455634 461274   1
99     99  L3   5218 483249 488466   2
104   104  L3   4942 510141 515082   1
110   110  L3   5440 536983 542422   1
116   116  L3   5053 563879 568931   1
122   122  L3   5013 590792 595804   2
128   128  L3   4975 617663 622637   1
134   134  L3   5277 644492 649768   1
140   140  L3   4988 671302 676289   1
146   146  L3   6190 698091 704280   1
151   151  L3   5008 725003 730010   1
157   157  L3   5086 751932 757017   2
163   163  L3   5398 778901 784298   1
168   168  L3   5293 805847 811139   1
173   173  L3   5038 832612 837649   2
178   178  L3   5177 859542 864718   2

[[7]]$work
    start    end length        P
1   60000  72033  12034 2.441318
2   87033  99139  12107 2.414292
3  114139 126211  12073 2.488140
4  141211 153363  12153 2.459957
5  168363 180470  12108 2.510063
6  195470 206972  11503 2.511268
7  221972 234762  12791 2.399461
8  249762 261903  12142 2.495160
9  276903 289112  12210 2.487868
10 304112 316150  12039 2.483481
11 331150 343290  12141 2.486527
12 358290 370390  12101 2.520469
13 385390 397502  12113 2.601993
14 412502 424432  11931 2.512753
15 439432 450634  11203 2.485248
16 465634 478249  12616 2.336194
17 493249 505141  11893 2.510428
18 520141 531983  11843 2.492518
19 546983 558879  11897 2.526270
20 573879 585792  11914 2.554008
21 600792 612663  11872 2.529923
22 627663 639492  11830 2.510306
23 654492 666302  11811 2.565882
24 681302 693091  11790 2.622083
25 708091 720003  11913 2.476796
26 735003 746932  11930 2.535533
27 761932 773901  11970 2.513765
28 788901 800847  11947 2.525666
29 815847 827612  11766 2.575517
30 842612 854542  11931 2.552672

[[7]]$name
[1] "mmap2"

[[7]]$adjust
[1] 1.5


[[8]]
[[8]]$baseline
[1] 1.099178

[[8]]$peaks
[1] 1.099178 3.450662

[[8]]$thresholds
[1] 2.659708

[[8]]$noise
[1] 52.83391

[[8]]$markers
    runid tag length  start    end Gen
4       4  L2   4944  22208  27151   1
8       8  L2   4978  38985  43962   1
14     14  L2   5026  55868  60893   1
18     18  L2   4960  72637  77596   1
24     24  L2   4976  89424  94399   1
28     28  L2   4991 106288 111278   1
32     32  L2   4943 123156 128098   1
36     36  L2   4950 139948 144897   1
40     40  L2   5137 156797 161933   1
44     44  L2   4969 173588 178556   1
48     48  L2   4939 190397 195335   1
52     52  L2   4932 207256 212187   1
58     58  L2   4965 224085 229049   1
62     62  L2   4924 240905 245828   1
66     66  L2   5136 257708 262843   1
70     70  L2   4941 274518 279458   1
74     74  L2   4993 291328 296320   1
78     78  L2   5178 308158 313335   1
84     84  L2   4983 324958 329940   1
90     90  L2   5017 341736 346752   1
94     94  L2   4945 358566 363510   1
98     98  L2   4960 375407 380366   1
102   102  L2   4917 392245 397161   1
106   106  L2   5009 409068 414076   1
110   110  L2   4975 425916 430890   1
116   116  L2   4938 442726 447663   1
120   120  L2   4955 459565 464519   1
124   124  L2   5067 476408 481474   1
128   128  L2   4911 493235 498145   1
132   132  L2   5106 509997 515102   1
136   136  L2   4972 526868 531839   2

[[8]]$work
    start    end length        P
1   32208  33985   1778 2.475745
2   48985  50868   1884 2.336518
3   65868  67637   1770 2.380649
4   82637  84424   1788 2.417843
5   99424 101288   1865 2.295231
6  116288 118156   1869 2.366575
7  133156 134948   1793 2.403455
8  149948 151797   1850 2.371078
9  166797 168588   1792 2.396180
10 183588 185397   1810 2.388383
11 200397 202256   1860 2.465304
12 217256 219085   1830 2.333300
13 234085 235905   1821 2.375401
14 250905 252708   1804 2.393271
15 267708 269518   1811 2.364096
16 284518 286328   1811 2.428411
17 301328 303158   1831 2.399055
18 318158 319958   1801 2.387759
19 334958 336736   1779 2.388460
20 351736 353566   1831 2.460637
21 368566 370407   1842 2.362226
22 385407 387245   1839 2.373095
23 402245 404068   1824 2.318426
24 419068 420916   1849 2.356086
25 435916 437726   1811 2.390047
26 452726 454565   1840 2.462697
27 469565 471408   1844 2.361022
28 486408 488235   1828 2.398964
29 503235 504997   1763 2.527236
30 519997 521868   1872 2.368630

[[8]]$name
[1] "mprotect"

[[8]]$adjust
[1] 3


[[9]]
[[9]]$baseline
[1] 1.055704

[[9]]$peaks
[1] 1.055704 2.025539 3.877043

[[9]]$thresholds
[1] 1.655239 3.259875

[[9]]$noise
[1] 54.84408

[[9]]$markers
    runid tag length  start    end Gen
7       7  L3   4934  22368  27301   1
12     12  L3   4911  40540  45450   1
18     18  L3   4935  58645  63579   1
28     28  L3   4902  76863  81764   1
34     34  L3   4971  94951  99921   1
40     40  L3   4947 113153 118099   1
45     45  L3   4935 131311 136245   1
50     50  L3   4961 149440 154400   1
56     56  L3   4941 167642 172582   1
62     62  L3   4948 185843 190790   1
68     68  L3   4935 204032 208966   1
76     76  L3   4964 222243 227206   1
82     82  L3   4945 240422 245366   1
88     88  L3   4979 258592 263570   1
94     94  L3   4934 276834 281767   1
103   103  L3   4964 294982 299945   1
109   109  L3   4913 313165 318077   1
115   115  L3   4955 331305 336259   1
122   122  L3   4944 349402 354345   1
128   128  L3   4941 367604 372544   1
134   134  L3   4973 385804 390776   1
140   140  L3   4928 403964 408891   1
146   146  L3   4967 422135 427101   1
152   152  L3   4922 440325 445246   1
160   160  L3   4956 458492 463447   1
166   166  L3   4950 476704 481653   1
172   172  L3   4963 495031 499993   1
178   178  L3   4939 513215 518153   1
184   184  L3   4938 531403 536340   1
190   190  L3   4912 549604 554515   1
196   196  L3   4933 567805 572737   1

[[9]]$work
    start    end length        P
1   32368  35540   3173 3.176036
2   50540  53645   3106 3.174870
3   68645  71863   3219 3.152171
4   86863  89951   3089 3.219218
5  104951 108153   3203 3.166204
6  123153 126311   3159 3.190625
7  141311 144440   3130 3.232026
8  159440 162642   3203 3.201893
9  177642 180843   3202 3.171145
10 195843 199032   3190 3.202011
11 214032 217243   3212 3.259966
12 232243 235422   3180 3.281049
13 250422 253592   3171 3.253476
14 268592 271834   3243 3.140382
15 286834 289982   3149 3.237989
16 304982 308165   3184 3.235355
17 323165 326305   3141 3.255317
18 341305 344402   3098 3.278262
19 359402 362604   3203 3.203314
20 377604 380804   3201 3.220118
21 395804 398964   3161 3.232028
22 413964 417135   3172 3.382115
23 432135 435325   3191 3.347760
24 450325 453492   3168 3.291149
25 468492 471704   3213 3.213028
26 486704 490031   3328 3.171327
27 505031 508215   3185 3.241088
28 523215 526403   3189 3.273390
29 541403 544604   3202 3.282443
30 559604 562805   3202 3.263706

[[9]]$name
[1] "prctl"

[[9]]$adjust
[1] 1.5


[[10]]
[[10]]$baseline
[1] 0.9392553

[[10]]$peaks
[1] 0.9392553 1.7517118 3.3766249

[[10]]$thresholds
[1] 1.449402 2.677534

[[10]]$noise
[1] 17.39247

[[10]]$markers
    runid tag length  start    end Gen
9       9  L3   5060  23592  28651   1
31     31  L3   4950  38967  43916   1
40     40  L3   4930  54255  59184   1
46     46  L3   4943  69516  74458   1
56     56  L3   4945  84805  89749   1
62     62  L3   4936 100076 105011   1
68     68  L3   4937 115376 120312   1
74     74  L3   2704 130655 133358   1
84     84  L3   4544 145916 150459   2
94     94  L3   2868 161165 164032   1
103   103  L3   4957 176422 181378   1
109   109  L3   4935 191716 196650   1
115   115  L3   4954 206974 211927   1
127   127  L3   4947 222277 227223   1
135   135  L3   4936 237594 242529   1
141   141  L3   4941 252885 257825   1
147   147  L3   4941 268185 273125   1
157   157  L3   4936 283505 288440   1
169   169  L3   4921 298792 303712   1
175   175  L3   4946 314074 319019   1
189   189  L3   4911 329403 334313   1
201   201  L3   4907 344715 349621   1
209   209  L3   4918 359973 364890   1
215   215  L3   4940 375215 380154   1
230   230  L3   4937 390503 395439   1
254   254  L3   4953 405816 410768   1
262   262  L3   4943 421116 426058   1
271   271  L3   4938 436414 441351   1
280   280  L3   4941 451695 456635   1
286   286  L3   4943 466976 471918   1
294   294  L3   4935 482274 487208   1

[[10]]$work
    start    end length        P
1   33592  33967    376 1.689110
2   48967  49255    289 2.204958
3   64255  64516    262 2.223108
4   79516  79805    290 2.215809
5   94805  95076    272 2.304854
6  110076 110376    301 2.206982
7  125376 125655    280 2.367001
8  140655 140916    262 2.350823
9  155916 156165    250 2.567133
10 171165 171422    258 2.414467
11 186422 186716    295 2.281368
12 201716 201974    259 2.413984
13 216974 217277    304 2.267785
14 232277 232594    318 2.235075
15 247594 247885    292 2.381161
16 262885 263185    301 2.253815
17 278185 278505    321 2.216842
18 293505 293792    288 2.290311
19 308792 309074    283 2.302021
20 324074 324403    330 2.098036
21 339403 339715    313 2.179631
22 354715 354973    259 2.271092
23 369973 370215    243 2.369960
24 385215 385503    289 2.225640
25 400503 400816    314 2.217602
26 415816 416116    301 2.296567
27 431116 431414    299 2.279284
28 446414 446695    282 2.384528
29 461695 461976    282 2.486680
30 476976 477274    299 2.296621

[[10]]$name
[1] "read"

[[10]]$adjust
[1] 2.5


[[11]]
[[11]]$baseline
[1] 0.9247225

[[11]]$peaks
[1] 0.9247225 1.7974281 3.3973884

[[11]]$thresholds
[1] 1.506526 2.898699

[[11]]$noise
[1] 67.66646

[[11]]$markers
    runid tag length  start    end Gen
2       2  L3   4937  23293  28229   1
8       8  L3   5000  39160  44159   1
14     14  L3   4965  55050  60014   1
20     20  L3   4955  70946  75900   1
26     26  L3   5061  86778  91838   1
34     34  L3   5084 102621 107704   1
40     40  L3   5002 118487 123488   1
46     46  L3   5137 134360 139496   1
52     52  L3   5000 150222 155221   1
58     58  L3   5044 166080 171123   1
65     65  L3   5003 182035 187037   1
71     71  L3   5000 197890 202889   1
77     77  L3   5002 213736 218737   1
85     85  L3   5019 229638 234656   1
91     91  L3   4989 245520 250508   1
97     97  L3   5040 261420 266459   1
103   103  L3   5031 277309 282339   1
109   109  L3   5101 293180 298280   1
115   115  L3   4984 309069 314052   1
123   123  L3   4990 324920 329909   1
131   131  L3   5017 340790 345806   1
137   137  L3   5000 356669 361668   1
143   143  L3   4979 372540 377518   1
149   149  L3   4948 388410 393357   1
155   155  L3   5099 404228 409326   1
162   162  L3   4979 420169 425147   1
168   168  L3   5151 436039 441189   1
174   174  L3   4985 451951 456935   1
182   182  L3   5004 467770 472773   1
188   188  L3   4999 483640 488638   1
197   197  L3   5033 499531 504563   1

[[11]]$work
    start    end length        P
1   33293  34160    868 3.551282
2   49160  50050    891 2.907371
3   65050  65946    897 3.022980
4   80946  81778    833 3.093227
5   96778  97621    844 2.951245
6  112621 113487    867 2.879424
7  128487 129360    874 2.891950
8  144360 145222    863 2.925435
9  160222 161080    859 2.948058
10 176080 177035    956 3.275788
11 192035 192890    856 2.951985
12 207890 208736    847 2.980504
13 223736 224638    903 2.889935
14 239638 240520    883 2.913218
15 255520 256420    901 2.992355
16 271420 272309    890 2.916496
17 287309 288180    872 2.943143
18 303180 304069    890 2.878253
19 319069 319920    852 2.920206
20 334920 335790    871 2.933368
21 350790 351669    880 2.883973
22 366669 367540    872 2.885517
23 382540 383410    871 2.984832
24 398410 399228    819 3.007437
25 414228 415169    942 3.106042
26 430169 431039    871 2.973909
27 446039 446951    913 2.926300
28 461951 462770    820 3.138909
29 477770 478640    871 2.978007
30 493640 494531    892 3.114349

[[11]]$name
[1] "write"

[[11]]$adjust
[1] 1.5


