[[1]]
[[1]]$baseline
[1] 0.9896232

[[1]]$peaks
[1] 0.9896232 3.4887368

[[1]]$thresholds
[1] 2.799326

[[1]]$noise
[1] 52.60275

[[1]]$markers
    runid tag length  start     end Gen
2       2  L2   5008   9339   14346   1
10     10  L2   5008  42313   47320   1
22     22  L2   5003  75164   80166   1
30     30  L2   5014 108112  113125   1
42     42  L2   4996 140961  145956   1
52     52  L2   4975 173893  178867   1
64     64  L2   4993 206801  211793   1
74     74  L2   4986 239852  244837   1
84     84  L2   4989 272744  277732   1
94     94  L2   4991 305783  310773   1
106   106  L2   5003 338722  343724   1
114   114  L2   4970 371642  376611   1
124   124  L2   5001 404584  409584   1
134   134  L2   5041 437483  442523   1
144   144  L2   5007 470430  475436   1
154   154  L2   4991 503361  508351   1
164   164  L2   4995 536270  541264   1
172   172  L2   5001 569153  574153   1
182   182  L2   5002 602161  607162   1
190   190  L2   5001 635012  640012   1
200   200  L2   5001 667864  672864   1
208   208  L2   5000 700810  705809   1
218   218  L2   5037 733753  738789   1
230   230  L2   4992 766651  771642   1
240   240  L2   5097 799542  804638   1
250   250  L2   5441 832433  837873   1
262   262  L2   5003 865240  870242   1
270   270  L2   5003 898200  903202   1
280   280  L2   5036 931140  936175   1
290   290  L2   5040 964163  969202   1
300   300  L2   5042 997064 1002105   1

[[1]]$work
    start    end length         P
1   19339  37313  17975 0.7954828
2   52313  70164  17852 0.8870327
3   85164 103112  17949 0.9634615
4  118112 135961  17850 0.9029444
5  150961 168893  17933 0.8408500
6  183893 201801  17909 0.9348987
7  216801 234852  18052 0.8901487
8  249852 267744  17893 0.9263294
9  282744 300783  18040 0.9488036
10 315783 333722  17940 0.8753473
11 348722 366642  17921 0.9704158
12 381642 399584  17943 0.8769020
13 414584 432483  17900 0.8449257
14 447483 465430  17948 0.9177958
15 480430 498361  17932 0.8321445
16 513361 531270  17910 0.9428005
17 546270 564153  17884 0.9318810
18 579153 597161  18009 0.9394691
19 612161 630012  17852 0.9124292
20 645012 662864  17853 0.9120098
21 677864 695810  17947 0.8821733
22 710810 728753  17944 0.9114866
23 743753 761651  17899 0.9206538
24 776651 794542  17892 0.9253314
25 809542 827433  17892 0.9792175
26 842433 860240  17808 0.9324683
27 875240 893200  17961 0.8720631
28 908200 926140  17941 0.8827752
29 941140 959163  18024 0.8675792
30 974163 992064  17902 0.9330998

[[1]]$name
[1] "image_1"

[[1]]$adjust
[1] 2.5


[[2]]
[[2]]$baseline
[1] 1.054448

[[2]]$peaks
[1] 1.054448 1.961344 3.775137

[[2]]$thresholds
[1] 1.791301 3.236667

[[2]]$noise
[1] 58.32648

[[2]]$markers
    runid tag length  start     end Gen
2       2  L3   4992   7672   12663   1
15     15  L3   4977  40591   45567   1
25     25  L3   5017  73466   78482   1
40     40  L3   5005 106428  111432   1
51     51  L3   4928 139369  144296   1
68     68  L3   5029 172173  177201   1
78     78  L3   5018 205027  210044   1
94     94  L3   4994 237955  242948   1
105   105  L3   5003 270815  275817   1
120   120  L3   5000 303787  308786   1
132   132  L3   5043 336643  341685   1
148   148  L3   5002 369535  374536   1
159   159  L3   4976 402380  407355   1
171   171  L3   4999 435275  440273   1
185   185  L3   5003 468218  473220   1
199   199  L3   5001 501106  506106   1
214   214  L3   5001 534046  539046   1
231   231  L3   4989 566887  571875   1
245   245  L3   4992 599825  604816   1
259   259  L3   5003 632662  637664   1
271   271  L3   4996 665566  670561   1
285   285  L3   5000 698486  703485   1
300   300  L3   4983 731675  736657   1
314   314  L3   5011 764427  769437   1
328   328  L3   4989 797673  802661   1
346   346  L3   4998 830624  835621   1
360   360  L3   5000 863605  868604   1
373   373  L3   4994 896603  901596   1
386   386  L3   5003 929504  934506   1
400   400  L3   4993 962414  967406   1
412   412  L3   5047 995411 1000457   1

[[2]]$work
    start    end length         P
1   17672  35591  17920 0.9621407
2   50591  68466  17876 0.8463738
3   83466 101428  17963 0.9354447
4  116428 134369  17942 0.8920290
5  149369 167173  17805 0.9689231
6  182173 200027  17855 0.8978876
7  215027 232955  17929 0.9294446
8  247955 265815  17861 0.9602509
9  280815 298787  17973 0.9593958
10 313787 331643  17857 0.8995485
11 346643 364535  17893 0.9248120
12 379535 397380  17846 0.8706983
13 412380 430275  17896 0.9399580
14 445275 463218  17944 0.8652421
15 478218 496106  17889 0.9356623
16 511106 529046  17941 0.9828872
17 544046 561887  17842 0.9810313
18 576887 594825  17939 0.8766802
19 609825 627662  17838 0.9447214
20 642662 660566  17905 0.8762671
21 675566 693486  17921 1.0640849
22 708486 726675  18190 0.8833972
23 741675 759427  17753 0.9441764
24 774427 792673  18247 0.8947219
25 807673 825624  17952 0.9905502
26 840624 858605  17982 0.8964129
27 873605 891603  17999 1.0511305
28 906603 924504  17902 0.9957814
29 939504 957414  17911 1.0709530
30 972414 990411  17998 0.9597823

[[2]]$name
[1] "image_2"

[[2]]$adjust
[1] 1.5


[[3]]
[[3]]$baseline
[1] 1.218024

[[3]]$peaks
[1] 1.218024 2.257028 4.335035

[[3]]$thresholds
[1] 2.083860 3.555782

[[3]]$noise
[1] 58.55776

[[3]]$markers
    runid tag length  start     end Gen
4       4  L3   5008   7710   12717   1
14     14  L3   5056  40624   45679   1
28     28  L3   5001  73595   78595   1
41     41  L3   5001 106534  111534   1
51     51  L3   5002 139601  144602   1
65     65  L3   4994 172473  177466   1
79     79  L3   5001 205345  210345   1
96     96  L3   5026 238201  243226   1
109   109  L3   5006 271035  276040   1
121   121  L3   5004 303901  308904   1
135   135  L3   4998 336764  341761   1
151   151  L3   4993 369714  374706   1
165   165  L3   4971 402612  407582   1
178   178  L3   5001 435465  440465   1
190   190  L3   5142 468434  473575   1
207   207  L3   4994 501291  506284   1
220   220  L3   5000 534243  539242   1
236   236  L3   5030 567205  572234   1
248   248  L3   5049 600163  605211   1
262   262  L3   4967 633031  637997   1
273   273  L3   4972 665850  670821   1
287   287  L3   4970 698733  703702   1
298   298  L3   5002 731601  736602   1
313   313  L3   5026 764494  769519   1
325   325  L3   4996 797384  802379   1
339   339  L3   4989 830252  835240   1
350   350  L3   5001 863203  868203   1
363   363  L3   5186 896051  901236   1
380   380  L3   5001 929005  934005   1
398   398  L3   4979 962093  967071   1
410   410  L3   5127 994984 1000110   1

[[3]]$work
    start    end length         P
1   17710  35624  17915 0.9447169
2   50624  68595  17972 0.9008417
3   83595 101534  17940 0.8196140
4  116534 134601  18068 0.8402780
5  149601 167473  17873 0.9731692
6  182473 200345  17873 0.9539377
7  215345 233201  17857 0.9618787
8  248201 266035  17835 0.9591435
9  281035 298901  17867 0.9143169
10 313901 331764  17864 0.9784524
11 346764 364714  17951 0.9519125
12 379714 397612  17899 0.8592099
13 412612 430465  17854 0.9611056
14 445465 463434  17970 1.0878771
15 478434 496291  17858 0.9433853
16 511291 529243  17953 0.9637784
17 544243 562205  17963 1.1579861
18 577205 595163  17959 0.8755226
19 610163 628031  17869 0.8552884
20 643031 660850  17820 0.8908362
21 675850 693733  17884 0.9957314
22 708733 726601  17869 0.9943681
23 741601 759494  17894 1.0184789
24 774494 792384  17891 0.9253256
25 807384 825252  17869 0.9368022
26 840252 858203  17952 0.9335297
27 873203 891051  17849 0.9037008
28 906051 924005  17955 1.0111315
29 939005 957093  18089 0.9407072
30 972093 989984  17892 0.9352740

[[3]]$name
[1] "imagesd_1"

[[3]]$adjust
[1] 2.5


[[4]]
[[4]]$baseline
[1] 1.273161

[[4]]$peaks
[1] 1.273161 4.419766

[[4]]$thresholds
[1] 3.370898

[[4]]$noise
[1] 29.49952

[[4]]$markers
    runid tag length  start     end Gen
4       4  L2   5003   8981   13983   1
14     14  L2   4995  41930   46924   1
24     24  L2   5005  74698   79702   1
32     32  L2   5005 107549  112553   1
48     48  L2   5021 140340  145360   1
58     58  L2   5005 173229  178233   1
70     70  L2   4996 206118  211113   1
80     80  L2   5002 238911  243912   1
96     96  L2   5001 271788  276788   1
106   106  L2   4991 304620  309610   1
120   120  L2   5002 337551  342552   1
128   128  L2   5008 370379  375386   1
140   140  L2   5000 403300  408299   1
150   150  L2   4993 436230  441222   1
162   162  L2   5030 469101  474130   1
172   172  L2   4961 502077  507037   1
188   188  L2   4952 534908  539859   1
198   198  L2   5002 567729  572730   1
210   210  L2   5080 600715  605794   1
222   222  L2   5001 633411  638411   1
234   234  L2   4958 666339  671296   1
242   242  L2   4979 699199  704177   1
254   254  L2   5004 732126  737129   1
266   266  L2   5003 765039  770041   1
278   278  L2   5022 798010  803031   1
286   286  L2   5001 830829  835829   1
298   298  L2   4944 863706  868649   1
306   306  L2   5125 896518  901642   1
322   322  L2   5005 929538  934542   1
332   332  L2   5003 962349  967351   1
344   344  L2   5109 995231 1000339   1

[[4]]$work
    start    end length         P
1   18981  36930  17950 0.8078901
2   51930  69698  17769 0.9275382
3   84698 102549  17852 0.8098972
4  117549 135340  17792 1.0219204
5  150340 168229  17890 0.9346995
6  183229 201118  17890 0.9071471
7  216118 233911  17794 0.8068403
8  248911 266788  17878 0.9031119
9  281788 299620  17833 0.8516951
10 314620 332551  17932 0.9000146
11 347551 365379  17829 0.9046756
12 380379 398300  17922 0.8707078
13 413300 431230  17931 0.8521263
14 446230 464101  17872 0.8500661
15 479101 497077  17977 0.8718282
16 512077 529908  17832 0.8734183
17 544908 562729  17822 0.9165154
18 577729 595715  17987 0.9849372
19 610715 628411  17697 0.9624701
20 643411 661339  17929 0.9235449
21 676339 694199  17861 0.8298060
22 709199 727126  17928 0.8884436
23 742126 760039  17914 0.8026926
24 775039 793010  17972 0.9397249
25 808010 825829  17820 0.7972574
26 840829 858706  17878 0.9322716
27 873706 891518  17813 0.8195925
28 906518 924538  18021 1.0953897
29 939538 957349  17812 0.8749768
30 972349 990231  17883 0.9846844

[[4]]$name
[1] "imagesd_2"

[[4]]$adjust
[1] 5


[[5]]
[[5]]$baseline
[1] 1.309417

[[5]]$peaks
[1] 1.309417 4.052099

[[5]]$thresholds
[1] 3.366429

[[5]]$noise
[1] 35.3824

[[5]]$markers
    runid tag length  start     end Gen
2       2  L2   5002   8028   13029   1
10     10  L2   4984  41086   46069   1
20     20  L2   4993  73988   78980   1
30     30  L2   5003 106948  111950   1
42     42  L2   5002 139875  144876   1
50     50  L2   5013 172889  177901   1
60     60  L2   4996 205829  210824   1
68     68  L2   5004 238816  243819   1
80     80  L2   5001 271886  276886   1
90     90  L2   5029 304750  309778   1
102   102  L2   5003 337656  342658   1
112   112  L2   5000 370586  375585   1
124   124  L2   4998 403567  408564   1
134   134  L2   4969 436547  441515   1
148   148  L2   4976 469527  474502   1
158   158  L2   4983 502557  507539   1
168   168  L2   5075 535455  540529   1
176   176  L2   5070 568467  573536   1
186   186  L2   3293 601417  604709   1
198   198  L2   5019 634406  639424   1
210   210  L2   5003 667275  672277   1
218   218  L2   4993 700177  705169   1
228   228  L2   5001 733075  738075   1
236   236  L2   4996 766012  771007   1
246   246  L2   5040 799076  804115   1
256   256  L2   4991 832107  837097   1
268   268  L2   5002 864984  869985   1
276   276  L2   5003 897925  902927   1
290   290  L2   5041 930925  935965   1
300   300  L2   5004 963866  968869   1
310   310  L2   5001 996734 1001734   1

[[5]]$work
    start    end length         P
1   18028  36086  18059 0.8930074
2   51086  68988  17903 0.8126142
3   83988 101948  17961 0.7132977
4  116948 134875  17928 0.8441516
5  149875 167889  18015 0.7577291
6  182889 200829  17941 0.8214896
7  215829 233816  17988 0.8041456
8  248816 266886  18071 0.8795927
9  281886 299750  17865 0.7908966
10 314750 332656  17907 0.7904009
11 347656 365586  17931 0.7398517
12 380586 398567  17982 0.8546102
13 413567 431547  17981 0.7701000
14 446547 464527  17981 0.8144326
15 479527 497557  18031 0.7751338
16 512557 530455  17899 0.8721596
17 545455 563467  18013 0.7615643
18 578467 596417  17951 0.8630330
19 611417 629406  17990 0.8454365
20 644406 662275  17870 0.9545095
21 677275 695177  17903 0.8757035
22 710177 728075  17899 0.9187072
23 743075 761012  17938 0.8433622
24 776012 794076  18065 0.8790852
25 809076 827107  18032 0.8057297
26 842107 859984  17878 0.7892633
27 874984 892925  17942 0.7790264
28 907925 925925  18001 0.8905982
29 940925 958866  17942 0.7912274
30 973866 991734  17869 0.8036163

[[5]]$name
[1] "webimage_1"

[[5]]$adjust
[1] 2


[[6]]
[[6]]$baseline
[1] 1.329119

[[6]]$peaks
[1] 1.329119 2.084853 4.090452

[[6]]$thresholds
[1] 2.055786 3.509119

[[6]]$noise
[1] 50

[[6]]$markers
    runid tag length  start     end Gen
9       9  L3   5005  11664   16668   2
21     21  L3   5177  44471   49647   1
36     36  L3   4966  77451   82416   1
49     49  L3   5006 110269  115274   1
61     61  L3   5017 143131  148147   1
76     76  L3   5142 176029  181170   1
90     90  L3   5035 208960  213994   1
104   104  L3   5025 241970  246994   1
119   119  L3   5160 274812  279971   1
133   133  L3   5148 307739  312886   1
146   146  L3   5009 340612  345620   1
163   163  L3   5000 373522  378521   1
175   175  L3   5001 406411  411411   1
193   193  L3   5105 439411  444515   1
204   204  L3   5108 472282  477389   1
221   221  L3   5071 505201  510271   1
232   232  L3   5079 538109  543187   1
246   246  L3   4992 570980  575971   1
258   258  L3   4995 603970  608964   1
277   277  L3   5009 637021  642029   1
293   293  L3   5012 669962  674973   1
310   310  L3   4975 702971  707945   1
323   323  L3   5002 735865  740866   1
339   339  L3   5062 768901  773962   1
351   351  L3   5040 801792  806831   1
365   365  L3   5002 834790  839791   1
377   377  L3   5001 867628  872628   1
391   391  L3   4984 900587  905570   1
404   404  L3   4975 933537  938511   1
419   419  L3   5002 966408  971409   1
431   431  L3   5020 999369 1004388   1

[[6]]$work
    start    end length         P
1   21664  39471  17808 0.8545765
2   54471  72451  17981 0.7676219
3   87451 105269  17819 0.7995214
4  120269 138131  17863 0.7700994
5  153131 171029  17899 0.8419038
6  186029 203960  17932 0.8162075
7  218960 236970  18011 0.8656218
8  251970 269812  17843 0.7719150
9  284812 302739  17928 0.9104236
10 317739 335612  17874 0.7707720
11 350612 368522  17911 0.8353100
12 383522 401411  17890 0.7991728
13 416411 434411  18001 0.9158713
14 449411 467282  17872 0.8591676
15 482282 500201  17920 0.8300900
16 515201 533109  17909 0.8825488
17 548109 565980  17872 0.8973966
18 580980 598970  17991 0.8437874
19 613970 632021  18052 0.8268652
20 647021 664962  17942 0.9352405
21 679962 697971  18010 0.9130272
22 712971 730865  17895 0.8070600
23 745865 763901  18037 0.7775774
24 778901 796792  17892 0.8032677
25 811792 829790  17999 0.9064173
26 844790 862628  17839 0.8728263
27 877628 895587  17960 0.9165278
28 910587 928537  17951 0.8166686
29 943537 961408  17872 0.9061826
30 976408 994369  17962 0.8007047

[[6]]$name
[1] "webimage_2"

[[6]]$adjust
[1] 1.5


[[7]]
[[7]]$baseline
[1] 1.153629

[[7]]$peaks
[1] 1.153629 2.193307 4.178145

[[7]]$thresholds
[1] 1.972769 3.548037

[[7]]$noise
[1] 67.77979

[[7]]$markers
    runid tag length  start     end Gen
2       2  L3   4977   9207   14183   1
14     14  L3   4982  42145   47126   1
23     23  L3   5170  75095   80264   1
35     35  L3   5000 108105  113104   1
46     46  L3   4997 141065  146061   1
60     60  L3   5013 174015  179027   1
73     73  L3   5003 207015  212017   1
87     87  L3   5005 239883  244887   1
101   101  L3   5010 272845  277854   1
115   115  L3   5034 305814  310847   1
128   128  L3   5002 338755  343756   1
143   143  L3   5025 371588  376612   1
157   157  L3   5042 404517  409558   1
173   173  L3   4997 437414  442410   1
184   184  L3   5076 470356  475431   1
197   197  L3   4984 503336  508319   1
209   209  L3   4993 536264  541256   1
223   223  L3   5006 569265  574270   1
240   240  L3   5043 602132  607174   1
254   254  L3   5000 635054  640053   1
268   268  L3   5108 667985  673092   1
284   284  L3   5004 700913  705916   1
298   298  L3   5003 733752  738754   1
316   316  L3   5001 766652  771652   1
331   331  L3   4979 799644  804622   1
345   345  L3   5010 832559  837568   1
358   358  L3   5000 865444  870443   1
371   371  L3   5015 898264  903278   1
382   382  L3   5001 931203  936203   1
400   400  L3   4989 964162  969150   1
413   413  L3   5080 997047 1002126   1

[[7]]$work
    start    end length         P
1   19207  37145  17939 1.0619650
2   52145  70095  17951 0.9707085
3   85095 103105  18011 1.0254106
4  118105 136065  17961 1.0628533
5  151065 169015  17951 1.1447172
6  184015 202015  18001 1.0337265
7  217015 234883  17869 1.0269515
8  249883 267845  17963 1.0669101
9  282845 300814  17970 1.1243625
10 315814 333755  17942 0.8799492
11 348755 366588  17834 1.0341783
12 381588 399517  17930 0.9994002
13 414517 432414  17898 0.9611100
14 447414 465356  17943 0.9451617
15 480356 498336  17981 0.9574964
16 513336 531264  17929 1.0096714
17 546264 564265  18002 1.0239129
18 579265 597132  17868 1.0197617
19 612132 630054  17923 0.9436432
20 645054 662985  17932 0.9109307
21 677985 695913  17929 0.9971202
22 710913 728752  17840 0.9690592
23 743752 761652  17901 1.0076701
24 776652 794644  17993 0.9277584
25 809644 827559  17916 1.2444464
26 842559 860444  17886 0.9404232
27 875444 893264  17821 0.9626257
28 908264 926203  17940 0.9044784
29 941203 959162  17960 0.9919440
30 974162 992047  17886 0.9570330

[[7]]$name
[1] "webimagenocache_1"

[[7]]$adjust
[1] 1.5


[[8]]
[[8]]$baseline
[1] 1.172423

[[8]]$peaks
[1] 1.172423 2.230090 4.246269

[[8]]$thresholds
[1] 1.998726 3.519123

[[8]]$noise
[1] 67.70055

[[8]]$markers
    runid tag length  start     end Gen
2       2  L3   4999  11071   16069   1
18     18  L3   5001  43961   48961   1
32     32  L3   5052  76923   81974   1
46     46  L3   4990 109800  114789   1
59     59  L3   5005 142640  147644   1
73     73  L3   4999 175569  180567   1
85     85  L3   5000 208461  213460   1
101   101  L3   4994 241370  246363   1
113   113  L3   4985 274230  279214   1
125   125  L3   5025 307171  312195   1
139   139  L3   5044 340020  345063   1
151   151  L3   4993 372850  377842   1
161   161  L3   5052 405749  410800   1
174   174  L3   5058 438601  443658   1
185   185  L3   4984 471562  476545   1
202   202  L3   4990 504507  509496   1
213   213  L3   5001 537430  542430   1
227   227  L3   5001 570351  575351   1
239   239  L3   5000 603221  608220   1
254   254  L3   5034 636075  641108   1
264   264  L3   4992 669011  674002   1
279   279  L3   5002 701911  706912   1
295   295  L3   5001 734849  739849   1
311   311  L3   5003 767769  772771   1
324   324  L3   5001 800701  805701   1
340   340  L3   5001 833650  838650   1
352   352  L3   4996 866590  871585   1
364   364  L3   4983 899528  904510   1
375   375  L3   4981 932431  937411   1
395   395  L3   4989 965388  970376   1
407   407  L3   5051 998369 1003419   1

[[8]]$work
    start    end length         P
1   21071  38961  17891 0.9561662
2   53961  71923  17963 0.8454040
3   86923 104800  17878 0.9442559
4  119800 137640  17841 0.8919834
5  152640 170569  17930 0.9777548
6  185569 203461  17893 1.0100978
7  218461 236370  17910 1.0708590
8  251370 269230  17861 0.9607315
9  284230 302171  17942 1.0685100
10 317171 335020  17850 1.0423429
11 350020 367850  17831 0.9895432
12 382850 400749  17900 0.8898289
13 415749 433601  17853 1.0738153
14 448601 466562  17962 0.9800320
15 481562 499507  17946 1.0392804
16 514507 532430  17924 0.9539644
17 547430 565351  17922 1.0616733
18 580351 598221  17871 0.9316691
19 613221 631075  17855 1.2593939
20 646075 664011  17937 0.9932744
21 679011 696911  17901 1.0731200
22 711911 729849  17939 0.9722679
23 744849 762769  17921 1.0295600
24 777769 795701  17933 0.9311731
25 810701 828650  17950 1.0648877
26 843650 861590  17941 0.9612776
27 876590 894528  17939 0.9309322
28 909528 927431  17904 0.9522931
29 942431 960388  17958 1.4118295
30 975388 993369  17982 0.9385093

[[8]]$name
[1] "webimagenocache_2"

[[8]]$adjust
[1] 2


[[9]]
[[9]]$baseline
[1] 0.9858262

[[9]]$peaks
[1] 0.9858262 3.4508148

[[9]]$thresholds
[1] 2.808891

[[9]]$noise
[1] 37.96694

[[9]]$markers
    runid tag length  start     end Gen
2       2  L2   4971   8102   13072   1
12     12  L2   4984  41063   46046   1
26     26  L2   4621  74387   79007   1
34     34  L2   4999 106895  111893   1
46     46  L2   5001 139864  144864   1
54     54  L2   4997 172744  177740   1
62     62  L2   4972 205634  210605   1
72     72  L2   5000 238574  243573   1
80     80  L2   5006 271382  276387   1
90     90  L2   5001 304243  309243   1
102   102  L2   5027 337155  342181   1
114   114  L2   4992 370185  375176   1
124   124  L2   5018 403084  408101   1
136   136  L2   4980 435967  440946   1
144   144  L2   5015 468788  473802   1
154   154  L2   4988 501761  506748   1
162   162  L2   4984 534694  539677   1
170   170  L2   5015 567594  572608   1
180   180  L2   5002 600453  605454   1
188   188  L2   4991 633334  638324   1
200   200  L2   5037 666191  671227   1
210   210  L2   5002 699152  704153   1
220   220  L2   4952 732012  736963   1
228   228  L2   5003 764924  769926   1
236   236  L2   5003 797803  802805   1
244   244  L2   4985 830772  835756   1
254   254  L2   5002 863734  868735   1
262   262  L2   4988 896654  901641   1
272   272  L2   5038 929535  934572   1
280   280  L2   4997 962541  967537   1
288   288  L2   5083 995454 1000536   1

[[9]]$work
    start    end length         P
1   18102  36063  17962 0.6566104
2   51063  69387  18325 0.6753941
3   84387 101895  17509 0.6199568
4  116895 134864  17970 0.6854477
5  149864 167744  17881 0.6795552
6  182744 200634  17891 0.6599058
7  215634 233574  17941 0.7425976
8  248574 266382  17809 0.6587883
9  281382 299243  17862 0.7427374
10 314243 332155  17913 0.6780517
11 347155 365185  18031 0.7172158
12 380185 398084  17900 0.7191699
13 413084 430967  17884 0.7270914
14 445967 463788  17822 0.7362930
15 478788 496761  17974 0.6873763
16 511761 529694  17934 0.6794989
17 544694 562594  17901 0.7535176
18 577594 595453  17860 0.7966726
19 610453 628334  17882 0.6613383
20 643334 661191  17858 0.7531521
21 676191 694152  17962 0.6821241
22 709152 727012  17861 0.6988738
23 742012 759924  17913 0.6901021
24 774924 792803  17880 0.6822606
25 807803 825772  17970 0.7215974
26 840772 858734  17963 0.6817047
27 873734 891654  17921 0.7130976
28 906654 924535  17882 0.6887029
29 939535 957541  18007 0.7103582
30 972541 990454  17914 0.6696451

[[9]]$name
[1] "white_1"

[[9]]$adjust
[1] 3


[[10]]
[[10]]$baseline
[1] 1.000264

[[10]]$peaks
[1] 1.000264 3.458420

[[10]]$thresholds
[1] 2.788014

[[10]]$noise
[1] 28.40476

[[10]]$markers
    runid tag length  start    end Gen
2       2  L2   5007   7193  12199   1
14     14  L2   4994  40181  45174   1
24     24  L2   2846  73041  75886   1
36     36  L2   5000 106051 111050   1
52     52  L2   4997 138944 143940   1
66     66  L2   4989 171843 176831   1
78     78  L2   4988 204711 209698   1
90     90  L2   5003 237641 242643   1
104   104  L2   5002 270714 275715   1
116   116  L2   4989 303664 308652   1
128   128  L2   4998 336601 341598   1
136   136  L2   5002 369554 374555   1
146   146  L2   4999 402511 407509   1
156   156  L2   4994 435551 440544   1
170   170  L2   4993 468522 473514   1
180   180  L2   4987 501431 506417   1
190   190  L2   4990 534304 539293   1
202   202  L2   4990 567193 572182   1
216   216  L2   5001 600014 605014   1
226   226  L2   4987 632843 637829   1
236   236  L2   5002 665726 670727   1
248   248  L2   4986 698623 703608   1
260   260  L2   4971 731621 736591   1
270   270  L2   5007 764522 769528   1
280   280  L2   4962 797402 802363   1
292   292  L2   4988 830280 835267   1
302   302  L2   4991 863091 868081   1
310   310  L2   5002 895963 900964   1
322   322  L2   5020 928914 933933   1
336   336  L2   4995 961850 966844   1
348   348  L2   5005 994821 999825   1

[[10]]$work
    start    end length         P
1   17193  35181  17989 0.7021482
2   50181  68041  17861 0.6660138
3   83041 101051  18011 0.6694684
4  116051 133944  17894 0.7085596
5  148944 166843  17900 0.7514648
6  181843 199711  17869 0.7330645
7  214711 232641  17931 0.7592632
8  247641 265714  18074 0.6939504
9  280714 298664  17951 0.7593479
10 313664 331601  17938 0.6765871
11 346601 364554  17954 0.6742994
12 379554 397511  17958 0.6809379
13 412511 430551  18041 0.6797766
14 445551 463522  17972 1.4174091
15 478522 496431  17910 0.7588951
16 511431 529304  17874 0.7589336
17 544304 562193  17890 0.7160253
18 577193 595014  17822 0.7711994
19 610014 627843  17830 0.7092697
20 642843 660726  17884 0.7330997
21 675726 693623  17898 0.7348087
22 708623 726621  17999 0.7145338
23 741621 759522  17902 0.7199392
24 774522 792402  17881 0.7623104
25 807402 825280  17879 0.6874116
26 840280 858091  17812 0.8304726
27 873091 890963  17873 0.6760910
28 905963 923914  17952 0.7646199
29 938914 956850  17937 0.7027016
30 971850 989821  17972 0.7139298

[[10]]$name
[1] "white_2"

[[10]]$adjust
[1] 3


