 [1] "clock_gettime" "epoll_pwait"   "futex"         "gettimeofday"  "getuid32"      "ioctl"         "mmap2"        
 [8] "mprotect"      "prctl"         "read"          "write"        
[[1]]
[[1]]$baseline
[1] 0.6883502

[[1]]$noise
[1] 115.4899

[[1]]$work
    start    end length        P
1   34266  35575   1310 1.543426
2   50575  51915   1341 1.578992
3   66915  68247   1333 1.582064
4   83247  84627   1381 1.552239
5   99627 100926   1300 1.681705
6  115926 117267   1342 1.571338
7  132267 133595   1329 1.581956
8  148595 149945   1351 1.544875
9  164945 166286   1342 1.584101
10 181286 182626   1341 1.564633
11 197626 198957   1332 1.612133
12 213957 215305   1349 1.546133
13 230305 231655   1351 1.497928
14 246655 248027   1373 1.544192
15 263027 264388   1362 1.669826
16 279388 280718   1331 1.701623
17 295718 297064   1347 1.549941
18 312064 313467   1404 1.547678
19 328467 329798   1332 1.572857
20 344798 346107   1310 1.541511
21 361107 362457   1351 1.506148
22 377457 378804   1348 1.556806
23 393804 395138   1335 1.571036
24 410138 411497   1360 1.536810
25 426497 427825   1329 1.547929
26 442825 444185   1361 1.559816
27 459185 460537   1353 1.702091
28 475537 476905   1369 1.551755
29 491905 493215   1311 1.588470
30 508215 509607   1393 1.498132


[[2]]
[[2]]$baseline
[1] 0.6498104

[[2]]$noise
[1] 67.79581

[[2]]$work
    start    end length          P
1   32924  42924  10001 0.05573686
2   57924  67916   9993 0.05629322
3   82916  92933  10018 0.03407502
4  107933 117943  10011 0.01773566
5  132943 142985  10043 0.04577917
6  157985 167965   9981 0.07614325
7  182965 192975  10011 0.05738710
8  207975 217926   9952 0.01467211
9  232926 243003  10078 0.03467452
10 258003 268014  10012 0.03079938
11 283014 293024  10011 0.03435582
12 308024 318034  10011 0.01353699
13 333034 343052  10019 0.04865654
14 358052 368053  10002 0.05381085
15 383053 393103  10051 0.06457317
16 408103 418104  10002 0.10356385
17 433104 443091   9988 0.06589679
18 458091 468093  10003 0.07322246
19 483093 493111  10019 0.03060957
20 508111 517812   9702 0.02139434
21 532812 543142  10331 0.07041970
22 558142 568143  10002 0.05843944
23 583143 593154  10012 0.13116697
24 608154 618162  10009 0.03678440
25 633162 643182  10021 0.08420481
26 658182 668192  10011 0.05776039
27 683192 693202  10011 0.05718984
28 708202 718214  10013 0.04496361
29 733214 743264  10051 0.06370069
30 758264 768242   9979 0.06430048


[[3]]
[[3]]$baseline
[1] 0.6516017

[[3]]$noise
[1] 18.12348

[[3]]$work
    start    end length          P
1   34696  43263   8568 0.01440712
2   58263  68241   9979 0.03733888
3   83241  93264  10024 0.15995540
4  108264 118272  10009 0.21273150
5  133272 143272  10001 0.04754436
6  158272 168281  10010 0.02460500
7  183281 193283  10003 0.05771700
8  208283 218283  10001 0.16335118
9  233283 243292  10010 0.02489744
10 258292 268319  10028 0.02802807
11 283319 293313   9995 0.05964450
12 308313 318302   9990 0.03049451
13 333302 343311  10010 0.04530325
14 358311 368348  10038 0.05862834
15 383348 393312   9965 0.06697412
16 408312 418305   9994 0.05499774
17 433305 443312  10008 0.02142694
18 458312 468323  10012 0.03541176
19 483323 493353  10031 0.06021145
20 508353 518353  10001 0.19344251
21 533353 543330   9978 0.03159850
22 558330 568333  10004 0.02500662
23 583333 593342  10010 0.03663900
24 608342 618353  10012 0.09800523
25 633353 643324   9972 0.04137788
26 658324 668331  10008 0.02201028
27 683331 693330  10000 0.05500839
28 708330 718322   9993 0.05660928
29 733322 743342  10021 0.01398789
30 758342 768351  10010 0.01835052


[[4]]
[[4]]$baseline
[1] 0.6751622

[[4]]$noise
[1] 103.0699

[[4]]$work
    start    end length        P
1   35266  36577   1312 1.538686
2   51577  52915   1339 1.573033
3   67915  69207   1293 1.580417
4   84207  85524   1318 1.585651
5  100524 101847   1324 1.636231
6  116847 118196   1350 1.549493
7  133196 134556   1361 1.940197
8  149556 150866   1311 1.600640
9  165866 167215   1350 1.605820
10 182215 183495   1281 1.595572
11 198495 199816   1322 1.600747
12 214816 216154   1339 1.568700
13 231154 232454   1301 1.581289
14 247454 248796   1343 1.581199
15 263796 265153   1358 1.560554
16 280153 281427   1275 1.612475
17 296427 297744   1318 1.627212
18 312744 314077   1334 1.675817
19 329077 330395   1319 1.583742
20 345395 346717   1323 1.590149
21 361717 363014   1298 1.618521
22 378014 379373   1360 1.565426
23 394373 395654   1282 1.641857
24 410654 411973   1320 1.640807
25 426973 428264   1292 1.613668
26 443264 444584   1321 1.617829
27 459584 460913   1330 1.656525
28 475913 477247   1335 1.607224
29 492247 493514   1268 1.878804
30 508514 509857   1344 1.568955


[[5]]
[[5]]$baseline
[1] 0.7064744

[[5]]$noise
[1] 104.268

[[5]]$work
    start    end length        P
1   34425  34843    419 1.344856
2   49843  50295    453 1.265654
3   65295  65641    347 1.446709
4   80641  81146    506 1.137403
5   96146  96589    444 1.295616
6  111589 112024    436 1.309364
7  127024 127414    391 1.382452
8  142414 142864    451 1.368895
9  157864 158253    390 1.393294
10 173253 173704    452 1.320640
11 188704 189113    410 1.396661
12 204113 204553    441 1.305030
13 219553 219982    430 1.383237
14 234982 235412    431 1.286075
15 250412 250884    473 1.395504
16 265884 266302    419 1.396521
17 281302 281715    414 1.401123
18 296715 297185    471 1.301832
19 312185 312605    421 1.347989
20 327605 328022    418 1.376266
21 343022 343424    403 1.361347
22 358424 358835    412 1.382257
23 373835 374284    450 1.333707
24 389284 389703    420 1.349857
25 404703 405096    394 1.537466
26 420096 420524    429 1.380730
27 435524 435956    433 1.352281
28 450956 451384    429 1.398336
29 466384 466795    412 1.422736
30 481795 482195    401 1.406339


[[6]]
[[6]]$baseline
[1] 0.7145535

[[6]]$noise
[1] 14.57713

[[6]]$work
    start    end length        P
1   32502  33692   1191 1.808582
2   48692  49751   1060 1.886819
3   64751  65953   1203 1.778422
4   80953  82111   1159 1.857933
5   97111  98290   1180 1.862250
6  113290 114421   1132 1.898055
7  129421 130573   1153 1.897048
8  145573 146740   1168 1.838807
9  161740 162873   1134 1.865821
10 177873 178992   1120 1.871758
11 193992 195151   1160 1.877087
12 210151 211300   1150 1.867213
13 226300 227463   1164 1.891008
14 242463 243620   1158 1.852953
15 258620 259793   1174 1.821479
16 274793 275972   1180 1.847811
17 290972 292103   1132 1.859870
18 307103 308233   1131 1.879057
19 323233 324384   1152 1.884146
20 339384 340533   1150 1.853979
21 355533 356643   1111 2.037733
22 371643 372832   1190 1.853246
23 387832 388973   1142 1.918122
24 403973 405172   1200 1.821756
25 420172 421311   1140 1.867138
26 436311 437471   1161 1.911204
27 452471 453653   1183 1.854316
28 468653 469813   1161 1.878988
29 484813 485972   1160 1.871792
30 500972 502130   1159 1.870969


[[7]]
[[7]]$baseline
[1] 0.6738607

[[7]]$noise
[1] 42.23765

[[7]]$work
    start    end length        P
1   32929  44869  11941 1.691113
2   59869  71886  12018 1.796358
3   86886  98899  12014 1.675545
4  113899 125908  12010 1.737646
5  140908 152858  11951 1.685378
6  167858 179708  11851 1.725751
7  194708 206726  12019 1.735988
8  221726 233746  12021 1.706197
9  248746 260737  11992 1.714565
10 275737 287588  11852 1.741535
11 302588 314546  11959 1.767990
12 329546 341488  11943 1.745663
13 356488 368368  11881 1.739928
14 383368 395258  11891 1.755066
15 410258 422059  11802 1.758060
16 437059 449008  11950 1.796581
17 464008 475985  11978 1.763467
18 490985 502946  11962 1.780380
19 517946 529816  11871 1.751389
20 544816 556626  11811 1.767490
21 571626 583476  11851 1.797696
22 598476 610368  11893 1.789407
23 625368 637298  11931 1.786505
24 652298 664238  11941 1.907415
25 679238 690427  11190 1.816052
26 705427 718086  12660 1.672111
27 733086 745057  11972 1.776284
28 760057 772057  12001 1.794775
29 787057 798905  11849 1.803142


[[8]]
[[8]]$baseline
[1] 0.6662206

[[8]]$noise
[1] 15.04709

[[8]]$work
    start    end length        P
1   35589  37368   1780 1.658680
2   52368  54146   1779 1.674668
3   69146  70959   1814 1.644337
4   85959  87690   1732 1.779306
5  102690 104459   1770 1.701170
6  119459 121230   1772 1.704296
7  136230 138027   1798 1.666880
8  153027 154809   1783 1.679114
9  169809 171576   1768 1.657964
10 186576 188360   1785 1.756180
11 203360 205130   1771 1.710093
12 220130 221918   1789 1.795361
13 236918 238727   1810 1.663317
14 253727 255488   1762 1.702173
15 270488 272289   1802 1.661353
16 287289 289058   1770 1.806927
17 304058 305839   1782 1.670376
18 320839 322607   1769 1.692769
19 337607 339409   1803 1.761156
20 354409 356216   1808 1.701781
21 371216 372990   1775 1.694602
22 387990 389790   1801 1.708402
23 404790 406558   1769 1.680836
24 421558 423330   1773 2.111191
25 438330 440158   1829 1.693185
26 455158 456926   1769 1.705586
27 471926 473719   1794 1.679725
28 488719 490489   1771 1.742672
29 505489 507267   1779 1.817644
30 522267 524059   1793 1.712748


[[9]]
[[9]]$baseline
[1] 0.6743332

[[9]]$noise
[1] 15.48307

[[9]]$work
    start    end length        P
1   33234  37943   4710 1.862952
2   52943  57732   4790 1.884333
3   72732  77483   4752 1.878365
4   92483  97272   4790 1.897674
5  112272 117075   4804 1.886987
6  132075 136875   4801 1.920457
7  151875 156633   4759 1.929537
8  171633 176422   4790 1.891653
9  191422 196203   4782 1.941456
10 211203 216073   4871 1.901111
11 231073 235903   4831 1.909224
12 250903 255702   4800 1.933632
13 270702 275475   4774 1.945258
14 290475 295322   4848 1.933744
15 310322 315007   4686 1.980866
16 330007 334862   4856 2.176922
17 349862 354683   4822 1.936291
18 369683 374442   4760 1.946431
19 389442 394322   4881 1.938515
20 409322 414064   4743 1.954759
21 429064 433842   4779 1.953575
22 448842 453641   4800 1.959208
23 468641 473422   4782 1.960755
24 488422 493221   4800 1.967230
25 508221 512983   4763 1.978438
26 527983 532724   4742 1.970155
27 547724 552501   4778 1.968789
28 567501 572282   4782 1.967752
29 587282 592041   4760 1.985832
30 607041 611841   4801 1.984557


[[10]]
[[10]]$baseline
[1] 0.666365

[[10]]$noise
[1] 16.40837

[[10]]$work
    start    end length        P
1   33201  33922    722 1.422292
2   48922  49192    271 1.582448
3   64192  64453    262 1.624433
4   79453  79723    271 1.530695
5   94723  94992    270 1.617669
6  109992 110232    241 1.625898
7  125232 125518    287 1.538759
8  140518 140789    272 1.487564
9  155789 156050    262 1.875298
10 171050 171312    263 1.621027
11 186312 186590    279 1.586138
12 201590 201862    273 1.586361
13 216862 217152    291 1.897129
14 232152 232421    270 1.570770
15 247421 247693    273 1.610031
16 262693 262962    270 1.592101
17 277962 278223    262 1.640502
18 293223 293503    281 1.597331
19 308503 308780    278 1.606613
20 323780 324070    291 1.609135
21 339070 339310    241 1.671703
22 354310 354590    281 1.521797
23 369590 369870    281 1.328541
24 384870 385142    273 1.606013
25 400142 400409    268 1.623916
26 415409 415701    293 1.757646
27 430701 430980    280 1.628341
28 445980 446268    289 1.544753
29 461268 461512    245 1.592444
30 476512 476802    291 1.535920


[[11]]
[[11]]$baseline
[1] 0.6784461

[[11]]$noise
[1] 18.74723

[[11]]$work
    start    end length        P
1   34091  34890    800 2.160406
2   49890  50712    823 2.153975
3   65712  66572    861 2.025767
4   81572  82395    824 2.061061
5   97395  98252    858 2.031749
6  113252 114056    805 2.312748
7  129056 129915    860 2.062538
8  144915 145758    844 2.038645
9  160758 161601    844 2.019083
10 176601 177454    854 2.025743
11 192454 193345    892 2.086889
12 208345 209186    842 2.018149
13 224186 225031    846 2.055582
14 240031 240878    848 1.983780
15 255878 256766    889 2.029085
16 271766 272599    834 1.920590
17 287599 288502    904 1.966974
18 303502 304337    836 2.076076
19 319337 320187    851 2.098494
20 335187 336045    859 1.975632
21 351045 351882    838 2.040433
22 366882 367748    867 2.085083
23 382748 383606    859 1.952774
24 398606 399481    876 1.969591
25 414481 415287    807 2.054215
26 430287 431127    841 2.013451
27 446127 446960    834 2.051114
28 461960 462778    819 2.054184
29 477778 478621    844 2.024664
30 493621 494478    858 2.028723


