[1] "image"    "webimage" "white"   
[[1]]
[[1]]$baseline
[1] 0.6405109

[[1]]$noise
[1] 29.36676

[[1]]$work
    start    end length         P
1   17924  35876  17953 0.5261350
2   50876  68777  17902 0.5375302
3   83777 101638  17862 0.6411322
4  116638 134618  17981 0.5360916
5  149618 167557  17940 0.4832234
6  182557 200596  18040 0.5069943
7  215596 233520  17925 0.5220922
8  248520 266446  17927 0.5368172
9  281446 299347  17902 0.5391748
10 314347 332317  17971 0.5534126
11 347317 365367  18051 0.5720623
12 380367 398458  18092 0.5154049
13 413458 431504  18047 0.5136409
14 446504 464467  17964 0.4772493
15 479467 497476  18010 0.4945427
16 512476 530358  17883 0.4897455
17 545358 563406  18049 0.5039788
18 578406 596406  18001 0.5256316
19 611406 629306  17901 0.5898558
20 644306 662144  17839 0.5778411
21 677144 695156  18013 0.5593589
22 710156 728163  18008 0.4964924
23 743163 761205  18043 0.4925607
24 776205 794144  17940 0.5026746
25 809144 827085  17942 0.5099211
26 842085 859998  17914 0.4961926
27 874998 893057  18060 0.5427869
28 908057 926066  18010 0.5766296
29 941066 958966  17901 0.5371227


[[2]]
[[2]]$baseline
[1] 0.6400508

[[2]]$noise
[1] 33.62748

[[2]]$work
    start    end length         P
1   18050  35985  17936 0.4687664
2   50985  68927  17943 0.4567379
3   83927 101957  18031 0.4773786
4  116957 134928  17972 0.5290269
5  149928 167838  17911 0.5259140
6  182838 200725  17888 0.4682136
7  215725 233715  17991 0.5352974
8  248715 266637  17923 0.4777093
9  281637 299597  17961 0.5049751
10 314597 332566  17970 0.4890345
11 347566 365509  17944 0.4768611
12 380509 398517  18009 0.4850282
13 413517 431527  18011 0.4808838
14 446527 464506  17980 0.4562214
15 479506 497417  17912 0.4743461
16 512417 530443  18027 0.4956912
17 545443 563467  18025 0.5054835
18 578467 596399  17933 0.4547231
19 611399 629376  17978 0.5029806
20 644376 662356  17981 0.5347482
21 677356 695386  18031 0.4921656
22 710386 728376  17991 0.4666746
23 743376 761436  18061 0.4654310
24 776436 794354  17919 0.4561791
25 809354 827317  17964 0.4468144
26 842317 860337  18021 0.4979304
27 875337 893248  17912 0.5063308
28 908248 926345  18098 0.4578925
29 941345 959406  18062 0.5290846
30 974406 992364  17959 0.4473339


[[3]]
[[3]]$baseline
[1] 0.6319445

[[3]]$noise
[1] 30.2474

[[3]]$work
    start    end length         P
1   17551  35442  17892 0.4713595
2   50442  68502  18061 0.4922606
3   83502 101474  17973 0.4546224
4  116474 134414  17941 0.5055130
5  149414 167444  18031 0.5234146
6  182444 200313  17870 0.4025034
7  215313 233331  18019 0.4216404
8  248331 266271  17941 0.4395242
9  281271 299282  18012 0.4592548
10 314282 332274  17993 0.4260266
11 347274 365113  17840 0.4597567
12 380113 397952  17840 0.5123985
13 412952 430900  17949 0.4233923
14 445900 463822  17923 0.4445946
15 478822 496732  17911 0.5025201
16 511732 529592  17861 0.4281730
17 544592 562511  17920 0.4483706
18 577511 595370  17860 0.4973290
19 610370 628262  17893 0.5028303
20 643262 661331  18070 0.4928474
21 676331 694313  17983 0.5221294
22 709313 727272  17960 0.4371846
23 742272 760240  17969 0.4520346
24 775240 793140  17901 0.4627595
25 808140 826054  17915 0.5066116
26 841054 859013  17960 0.6499467
27 874013 891962  17950 0.7316185
28 906962 925053  18092 0.4664950
29 940053 958153  18101 0.5256086
30 973153 991101  17949 0.4205782


